True:
[[4, 0.5, 0.013], [2, 0.5, 0.021], [4, 0.5, 0.021], [4, 0.5, 0.038], [2, 0.5, 0.036], [2, 0.5, 0.017], [4, 0.3, 0.008], [5, 0.3, 0.003], [4, 0.3, 0.0024], [4, 0.3, 0.0098], [4, 0.6, 0.012], [4, 0.6, 0.00525], [5, 0.6, 0.00325], [3, 0.6, 0.01125], [2, 0.5, 0.028], [4, 0.5, 0.07], [2, 0.5, 0.024], [4, 0.5, 0.08], [4, 0.5, 0.056], [4, 0.5, 0.078], [2, 0.5, 0.056], [0, 0.5, 0.13], [0, 0.5, 0.17], [0, 0.5, 0.11], [0, 0.5, 0.19], [-1, 0.5, 0.22], [-1, 0.5, 0.18], [-1, 0.5, 0.26]]
False:[[4, 0.5, 0.01], [2, 0.5, 0.025], [2, 0.5, 0.012], [3, 0.5, 0.013], [5, 0.3, 0.007], [4, 0.3, 0.0056], [4, 0.3, 0.0098], [5, 0.6, 0.01025], [5, 0.6, 0.003], [4, 0.5, 0.09], [2, 0.5, 0.09], [2, 0.5, 0.098], [4, 0.5, 0.072], [0, 0.5, 0.25]]
False:[[4, 0.5, 0.024], [2, 0.5, 0.016], [3, 0.5, 0.036], [3, 0.5, 0.046], [4, 0.5, 0.037], [4, 0.5, 0.028], [4, 0.3, 0.0096], [6, 0.3, 0.0086], [6, 0.3, 0.0066], [5, 0.6, 0.0075], [4, 0.6, 0.012], [4, 0.6, 0.006], [5, 0.6, 0.0035], [3, 0.5, 0.034], [4, 0.5, 0.088], [2, 0.5, 0.04], [4, 0.5, 0.08], [2, 0.5, 0.066], [1, 0.5, 0.14]]
False:[[4, 0.5, 0.021], [2, 0.5, 0.024], [3, 0.5, 0.05], [3, 0.5, 0.032], [4, 0.5, 0.04], [3, 0.5, 0.03], [4, 0.5, 0.049], [4, 0.5, 0.028], [4, 0.5, 0.048], [5, 0.3, 0.0092], [6, 0.3, 0.0076], [4, 0.3, 0.004], [4, 0.3, 0.0076], [5, 0.3, 0.0024], [5, 0.3, 0.0026], [6, 0.3, 0.0084], [5, 0.6, 0.00675], [4, 0.6, 0.005], [4, 0.6, 0.01175], [4, 0.6, 0.0105], [4, 0.6, 0.00925], [4, 0.6, 0.003], [4, 0.6, 0.00375], [3, 0.5, 0.088], [3, 0.5, 0.048], [3, 0.5, 0.036], [3, 0.5, 0.054], [3, 0.5, 0.04], [4, 0.5, 0.052], [3, 0.5, 0.098], [2, 0.5, 0.098], [3, 0.5, 0.09], [4, 0.5, 0.03], [1, 0.5, 0.19]]
False:[[3, 0.5, 0.026], [3, 0.5, 0.024], [3, 0.5, 0.041], [4, 0.5, 0.018], [3, 0.5, 0.03], [6, 0.3, 0.0044], [4, 0.3, 0.0022], [5, 0.3, 0.009], [3, 0.6, 0.0055], [5, 0.6, 0.01125], [4, 0.6, 0.0065], [4, 0.5, 0.036], [2, 0.5, 0.066], [4, 0.5, 0.098], [4, 0.5, 0.058], [1, 0.5, 0.19]]
False:[[3, 0.5, 0.03], [3, 0.5, 0.01], [4, 0.5, 0.025], [4, 0.5, 0.03], [4, 0.5, 0.011], [6, 0.3, 0.0042], [5, 0.3, 0.004], [5, 0.3, 0.006], [6, 0.3, 0.0058], [3, 0.6, 0.00925], [4, 0.6, 0.01025], [4, 0.6, 0.0045], [5, 0.6, 0.00325], [4, 0.5, 0.038], [3, 0.5, 0.08], [3, 0.5, 0.1], [2, 0.5, 0.08], [4, 0.5, 0.066], [-1, 0.5, 0.25]]
False:[[4, 0.5, 0.011], [2, 0.5, 0.026], [3, 0.5, 0.024], [2, 0.5, 0.05], [3, 0.5, 0.033], [4, 0.5, 0.018], [2, 0.5, 0.038], [3, 0.5, 0.018], [4, 0.5, 0.022], [4, 0.5, 0.044], [6, 0.3, 0.0038], [5, 0.3, 0.0074], [4, 0.3, 0.0068], [5, 0.3, 0.0032], [4, 0.3, 0.0058], [6, 0.3, 0.0074], [4, 0.3, 0.0038], [3, 0.6, 0.00775], [3, 0.6, 0.01075], [5, 0.6, 0.00825], [3, 0.6, 0.00825], [4, 0.6, 0.003], [5, 0.6, 0.012], [4, 0.6, 0.004], [5, 0.6, 0.0055], [3, 0.5, 0.086], [2, 0.5, 0.044], [2, 0.5, 0.086], [3, 0.5, 0.052], [2, 0.5, 0.086], [4, 0.5, 0.058], [3, 0.5, 0.062], [2, 0.5, 0.038], [4, 0.5, 0.086], [4, 0.5, 0.038], [2, 0.5, 0.086], [4, 0.5, 0.092], [0, 0.5, 0.26], [-1, 0.5, 0.17], [0, 0.5, 0.16], [-1, 0.5, 0.21], [-1, 0.5, 0.14], [-1, 0.5, 0.18], [0, 0.5, 0.16]]
True:[[4, 0.5, 0.021], [4, 0.5, 0.01], [2, 0.5, 0.038], [2, 0.5, 0.025], [3, 0.5, 0.01], [3, 0.5, 0.047], [3, 0.5, 0.024], [5, 0.3, 0.0094], [6, 0.3, 0.0084], [4, 0.3, 0.0052], [5, 0.3, 0.005], [4, 0.6, 0.00525], [4, 0.6, 0.011], [4, 0.6, 0.009], [3, 0.6, 0.00625], [3, 0.6, 0.007], [2, 0.5, 0.09], [2, 0.5, 0.062], [2, 0.5, 0.056], [3, 0.5, 0.028], [4, 0.5, 0.05], [4, 0.5, 0.028], [4, 0.5, 0.086], [0, 0.5, 0.25], [-1, 0.5, 0.27], [-1, 0.5, 0.1], [-1, 0.5, 0.13]]
False:[[2, 0.5, 0.048], [4, 0.5, 0.033], [2, 0.5, 0.042], [2, 0.5, 0.028], [4, 0.5, 0.039], [4, 0.5, 0.027], [4, 0.5, 0.022], [4, 0.5, 0.014], [4, 0.5, 0.047], [2, 0.5, 0.048], [4, 0.5, 0.031], [3, 0.5, 0.011], [2, 0.5, 0.03], [2, 0.5, 0.031], [3, 0.5, 0.015], [4, 0.3, 0.0028], [6, 0.3, 0.0038], [5, 0.3, 0.0054], [4, 0.3, 0.008], [5, 0.3, 0.0068], [4, 0.3, 0.0096], [4, 0.3, 0.0092], [6, 0.3, 0.0092], [6, 0.3, 0.0056], [4, 0.3, 0.0044], [4, 0.6, 0.00775], [5, 0.6, 0.0105], [5, 0.6, 0.00825], [4, 0.6, 0.00725], [3, 0.6, 0.0035], [5, 0.6, 0.0115], [5, 0.6, 0.01], [4, 0.6, 0.0045], [5, 0.6, 0.0095], [3, 0.6, 0.003], [5, 0.6, 0.00825], [4, 0.5, 0.034], [2, 0.5, 0.07], [3, 0.5, 0.022], [3, 0.5, 0.088], [4, 0.5, 0.02], [4, 0.5, 0.066], [3, 0.5, 0.074], [2, 0.5, 0.074], [4, 0.5, 0.046], [2, 0.5, 0.058], [2, 0.5, 0.062], [3, 0.5, 0.062], [3, 0.5, 0.044], [3, 0.5, 0.028], [4, 0.5, 0.072], [-1, 0.5, 0.1], [0, 0.5, 0.12]]
False:[[2, 0.5, 0.042], [2, 0.5, 0.042], [2, 0.5, 0.043], [3, 0.5, 0.029], [4, 0.5, 0.034], [4, 0.5, 0.034], [4, 0.5, 0.02], [5, 0.3, 0.0074], [5, 0.3, 0.0064], [6, 0.3, 0.0086], [3, 0.6, 0.00675], [3, 0.6, 0.01175], [3, 0.6, 0.00975], [3, 0.6, 0.00725], [3, 0.6, 0.0115], [3, 0.6, 0.00775], [3, 0.6, 0.0085], [4, 0.5, 0.034], [3, 0.5, 0.084], [3, 0.5, 0.06], [3, 0.5, 0.058], [2, 0.5, 0.032], [4, 0.5, 0.034], [0, 0.5, 0.13]]
False:[[2, 0.5, 0.043], [4, 0.5, 0.046], [2, 0.5, 0.021], [3, 0.5, 0.011], [2, 0.5, 0.042], [2, 0.5, 0.013], [2, 0.5, 0.012], [2, 0.5, 0.013], [3, 0.5, 0.019], [4, 0.5, 0.046], [2, 0.5, 0.027], [2, 0.5, 0.035], [4, 0.5, 0.021], [4, 0.5, 0.029], [2, 0.5, 0.01], [3, 0.5, 0.019], [4, 0.5, 0.025], [6, 0.3, 0.0054], [4, 0.3, 0.0062], [4, 0.3, 0.0048], [6, 0.3, 0.0068], [4, 0.3, 0.0026], [5, 0.3, 0.0064], [5, 0.3, 0.0026], [5, 0.3, 0.006], [6, 0.3, 0.0032], [5, 0.6, 0.00825], [4, 0.6, 0.007], [4, 0.6, 0.00825], [5, 0.6, 0.00675], [3, 0.6, 0.003], [3, 0.6, 0.01225], [5, 0.6, 0.01025], [4, 0.6, 0.006], [4, 0.6, 0.008], [5, 0.6, 0.01025], [4, 0.6, 0.009], [2, 0.5, 0.032], [3, 0.5, 0.072], [4, 0.5, 0.026], [3, 0.5, 0.058], [4, 0.5, 0.096], [3, 0.5, 0.034], [4, 0.5, 0.04], [4, 0.5, 0.048], [2, 0.5, 0.044], [2, 0.5, 0.086], [2, 0.5, 0.036], [3, 0.5, 0.064], [4, 0.5, 0.084], [1, 0.5, 0.14]]
False:[[4, 0.5, 0.033], [2, 0.5, 0.041], [4, 0.5, 0.01], [2, 0.5, 0.041], [3, 0.5, 0.04], [3, 0.5, 0.035], [3, 0.5, 0.015], [2, 0.5, 0.041], [4, 0.5, 0.02], [2, 0.5, 0.048], [2, 0.5, 0.03], [2, 0.5, 0.042], [3, 0.5, 0.02], [2, 0.5, 0.033], [4, 0.5, 0.03], [2, 0.5, 0.036], [3, 0.5, 0.036], [5, 0.3, 0.007], [6, 0.3, 0.0068], [4, 0.3, 0.009], [5, 0.3, 0.0072], [5, 0.3, 0.008], [5, 0.3, 0.0072], [6, 0.3, 0.0048], [6, 0.3, 0.006], [4, 0.3, 0.0058], [3, 0.6, 0.00275], [3, 0.6, 0.003], [4, 0.6, 0.0085], [3, 0.6, 0.00925], [4, 0.6, 0.00775], [4, 0.6, 0.00775], [3, 0.6, 0.00475], [3, 0.6, 0.0025], [5, 0.6, 0.0095], [3, 0.6, 0.00475], [4, 0.6, 0.01125], [3, 0.6, 0.007], [2, 0.5, 0.024], [4, 0.5, 0.028], [3, 0.5, 0.084], [4, 0.5, 0.082], [4, 0.5, 0.056], [2, 0.5, 0.052], [2, 0.5, 0.1], [3, 0.5, 0.092], [3, 0.5, 0.098], [3, 0.5, 0.062], [3, 0.5, 0.048], [3, 0.5, 0.054], [2, 0.5, 0.048], [2, 0.5, 0.05], [2, 0.5, 0.052], [3, 0.5, 0.072], [3, 0.5, 0.02], [0, 0.5, 0.15], [-1, 0.5, 0.16], [-1, 0.5, 0.25]]
False:[[4, 0.5, 0.036], [3, 0.5, 0.038], [3, 0.5, 0.04], [2, 0.5, 0.018], [4, 0.5, 0.021], [2, 0.5, 0.049], [3, 0.5, 0.042], [4, 0.5, 0.021], [4, 0.5, 0.044], [4, 0.5, 0.015], [4, 0.5, 0.046], [2, 0.5, 0.021], [2, 0.5, 0.024], [2, 0.5, 0.012], [6, 0.3, 0.0096], [6, 0.3, 0.0064], [5, 0.3, 0.01], [4, 0.3, 0.0056], [5, 0.3, 0.004], [6, 0.3, 0.0072], [5, 0.3, 0.0074], [5, 0.3, 0.0098], [3, 0.6, 0.0105], [5, 0.6, 0.00575], [3, 0.6, 0.00875], [3, 0.6, 0.00575], [5, 0.6, 0.0105], [5, 0.6, 0.00675], [5, 0.6, 0.01025], [5, 0.6, 0.00725], [5, 0.6, 0.0075], [3, 0.6, 0.0055], [2, 0.5, 0.074], [4, 0.5, 0.068], [4, 0.5, 0.098], [3, 0.5, 0.038], [3, 0.5, 0.038], [2, 0.5, 0.038], [4, 0.5, 0.048], [3, 0.5, 0.034], [3, 0.5, 0.022], [3, 0.5, 0.054], [3, 0.5, 0.076], [4, 0.5, 0.076], [3, 0.5, 0.084], [0, 0.5, 0.21]]
False:[[4, 0.5, 0.042], [2, 0.5, 0.015], [3, 0.5, 0.039], [4, 0.5, 0.028], [2, 0.5, 0.013], [3, 0.5, 0.026], [3, 0.5, 0.015], [4, 0.5, 0.048], [4, 0.5, 0.023], [4, 0.5, 0.046], [5, 0.3, 0.0094], [4, 0.3, 0.0084], [4, 0.3, 0.0048], [6, 0.3, 0.0086], [4, 0.3, 0.0096], [5, 0.3, 0.006], [4, 0.3, 0.0088], [4, 0.6, 0.01025], [4, 0.6, 0.0115], [3, 0.6, 0.00575], [3, 0.6, 0.0085], [4, 0.6, 0.00625], [4, 0.6, 0.00625], [5, 0.6, 0.00925], [4, 0.6, 0.00375], [2, 0.5, 0.04], [4, 0.5, 0.08], [2, 0.5, 0.092], [2, 0.5, 0.094], [3, 0.5, 0.074], [3, 0.5, 0.094], [3, 0.5, 0.046], [3, 0.5, 0.048], [3, 0.5, 0.064], [3, 0.5, 0.022], [2, 0.5, 0.082], [2, 0.5, 0.094], [4, 0.5, 0.056], [-1, 0.5, 0.28], [0, 0.5, 0.28], [-1, 0.5, 0.3], [-1, 0.5, 0.25], [0, 0.5, 0.14]]
False:[[3, 0.5, 0.027], [4, 0.5, 0.022], [4, 0.5, 0.012], [4, 0.5, 0.021], [3, 0.5, 0.021], [2, 0.5, 0.025], [3, 0.5, 0.042], [2, 0.5, 0.038], [3, 0.5, 0.011], [4, 0.5, 0.021], [6, 0.3, 0.006], [5, 0.3, 0.0056], [5, 0.3, 0.0038], [4, 0.3, 0.0084], [5, 0.3, 0.0038], [6, 0.3, 0.0084], [5, 0.6, 0.0065], [5, 0.6, 0.01075], [4, 0.6, 0.00275], [4, 0.6, 0.009], [5, 0.6, 0.01175], [4, 0.6, 0.0115], [2, 0.5, 0.048], [4, 0.5, 0.036], [2, 0.5, 0.02], [3, 0.5, 0.09], [4, 0.5, 0.064], [4, 0.5, 0.024], [3, 0.5, 0.062], [2, 0.5, 0.052], [2, 0.5, 0.074], [1, 0.5, 0.1]]
False:[[4, 0.5, 0.014], [4, 0.5, 0.02], [4, 0.5, 0.013], [4, 0.5, 0.028], [2, 0.5, 0.04], [3, 0.5, 0.034], [4, 0.5, 0.024], [3, 0.5, 0.031], [2, 0.5, 0.037], [2, 0.5, 0.03], [3, 0.5, 0.011], [4, 0.5, 0.015], [4, 0.5, 0.016], [4, 0.3, 0.004], [6, 0.3, 0.0052], [5, 0.3, 0.0068], [5, 0.3, 0.0034], [6, 0.3, 0.0058], [4, 0.3, 0.0044], [6, 0.3, 0.0074], [5, 0.3, 0.0062], [6, 0.3, 0.0062], [3, 0.6, 0.0095], [4, 0.6, 0.006], [3, 0.6, 0.0095], [3, 0.6, 0.0125], [5, 0.6, 0.0105], [3, 0.6, 0.012], [5, 0.6, 0.00625], [3, 0.6, 0.0075], [5, 0.6, 0.007], [4, 0.6, 0.0125], [3, 0.5, 0.07], [3, 0.5, 0.084], [4, 0.5, 0.02], [4, 0.5, 0.056], [4, 0.5, 0.086], [2, 0.5, 0.026], [2, 0.5, 0.07], [4, 0.5, 0.066], [4, 0.5, 0.032], [3, 0.5, 0.034], [2, 0.5, 0.064], [3, 0.5, 0.062], [3, 0.5, 0.096], [0, 0.5, 0.28]]
False:[[3, 0.5, 0.037], [3, 0.5, 0.031], [4, 0.5, 0.026], [2, 0.5, 0.03], [3, 0.5, 0.034], [4, 0.5, 0.037], [4, 0.5, 0.044], [4, 0.5, 0.031], [2, 0.5, 0.012], [3, 0.5, 0.012], [3, 0.5, 0.027], [3, 0.5, 0.05], [4, 0.5, 0.02], [3, 0.5, 0.029], [4, 0.3, 0.0042], [6, 0.3, 0.0044], [5, 0.3, 0.0044], [6, 0.3, 0.0096], [4, 0.3, 0.005], [5, 0.3, 0.0074], [6, 0.3, 0.004], [4, 0.3, 0.0098], [4, 0.3, 0.0072], [4, 0.6, 0.00575], [5, 0.6, 0.0065], [3, 0.6, 0.011], [5, 0.6, 0.0125], [5, 0.6, 0.01], [3, 0.6, 0.009], [3, 0.6, 0.005], [4, 0.6, 0.0125], [4, 0.6, 0.00325], [5, 0.6, 0.0025], [3, 0.6, 0.01125], [5, 0.6, 0.00275], [2, 0.5, 0.082], [2, 0.5, 0.03], [3, 0.5, 0.088], [3, 0.5, 0.042], [4, 0.5, 0.044], [3, 0.5, 0.096], [2, 0.5, 0.066], [2, 0.5, 0.096], [2, 0.5, 0.096], [4, 0.5, 0.086], [3, 0.5, 0.064], [2, 0.5, 0.076], [4, 0.5, 0.098], [4, 0.5, 0.056], [4, 0.5, 0.032], [0, 0.5, 0.11], [0, 0.5, 0.11], [0, 0.5, 0.28], [-1, 0.5, 0.1], [-1, 0.5, 0.1]]
False:[[3, 0.5, 0.045], [3, 0.5, 0.014], [4, 0.5, 0.047], [3, 0.5, 0.031], [2, 0.5, 0.022], [3, 0.5, 0.046], [2, 0.5, 0.035], [4, 0.5, 0.032], [4, 0.3, 0.0066], [6, 0.3, 0.007], [5, 0.3, 0.007], [5, 0.3, 0.007], [6, 0.3, 0.0084], [5, 0.6, 0.009], [4, 0.6, 0.0055], [4, 0.6, 0.006], [3, 0.6, 0.008], [5, 0.6, 0.01125], [2, 0.5, 0.028], [3, 0.5, 0.082], [3, 0.5, 0.038], [3, 0.5, 0.048], [3, 0.5, 0.088], [4, 0.5, 0.042], [3, 0.5, 0.048], [4, 0.5, 0.048], [-1, 0.5, 0.26]]
False:[[2, 0.5, 0.025], [3, 0.5, 0.031], [2, 0.5, 0.04], [3, 0.5, 0.024], [4, 0.5, 0.023], [4, 0.5, 0.043], [3, 0.5, 0.02], [2, 0.5, 0.015], [4, 0.5, 0.032], [3, 0.5, 0.019], [4, 0.5, 0.02], [3, 0.5, 0.013], [3, 0.5, 0.027], [3, 0.5, 0.05], [2, 0.5, 0.046], [5, 0.3, 0.0078], [6, 0.3, 0.0086], [5, 0.3, 0.002], [5, 0.3, 0.003], [4, 0.3, 0.0096], [4, 0.3, 0.0064], [5, 0.3, 0.008], [4, 0.3, 0.0092], [4, 0.3, 0.0082], [6, 0.3, 0.0046], [4, 0.6, 0.0045], [4, 0.6, 0.01125], [4, 0.6, 0.00875], [4, 0.6, 0.00425], [5, 0.6, 0.00325], [4, 0.6, 0.00775], [4, 0.6, 0.0055], [3, 0.6, 0.008], [4, 0.6, 0.00625], [5, 0.6, 0.00675], [3, 0.6, 0.00875], [4, 0.5, 0.032], [2, 0.5, 0.084], [3, 0.5, 0.08], [4, 0.5, 0.044], [2, 0.5, 0.026], [3, 0.5, 0.048], [4, 0.5, 0.094], [4, 0.5, 0.086], [2, 0.5, 0.062], [4, 0.5, 0.07], [4, 0.5, 0.05], [2, 0.5, 0.066], [4, 0.5, 0.06], [0, 0.5, 0.11]]
False:[[4, 0.5, 0.019], [2, 0.5, 0.027], [4, 0.5, 0.037], [2, 0.5, 0.048], [2, 0.5, 0.01], [2, 0.5, 0.025], [2, 0.5, 0.05], [4, 0.5, 0.022], [4, 0.3, 0.0074], [4, 0.3, 0.0024], [5, 0.3, 0.0024], [4, 0.3, 0.0072], [5, 0.3, 0.009], [5, 0.6, 0.0125], [5, 0.6, 0.00425], [5, 0.6, 0.00375], [4, 0.6, 0.00425], [5, 0.6, 0.01225], [3, 0.5, 0.04], [4, 0.5, 0.038], [4, 0.5, 0.076], [4, 0.5, 0.076], [3, 0.5, 0.02], [2, 0.5, 0.082], [0, 0.5, 0.29]]
False:[[2, 0.5, 0.046], [3, 0.5, 0.034], [4, 0.5, 0.041], [3, 0.5, 0.034], [2, 0.5, 0.046], [4, 0.5, 0.047], [2, 0.5, 0.04], [3, 0.5, 0.045], [3, 0.5, 0.02], [3, 0.5, 0.014], [4, 0.5, 0.018], [3, 0.5, 0.045], [3, 0.5, 0.044], [2, 0.5, 0.05], [2, 0.5, 0.033], [4, 0.5, 0.037], [4, 0.3, 0.0036], [6, 0.3, 0.006], [5, 0.3, 0.0036], [5, 0.3, 0.0092], [6, 0.3, 0.005], [4, 0.3, 0.01], [5, 0.3, 0.0074], [6, 0.3, 0.0028], [5, 0.3, 0.0078], [3, 0.6, 0.01175], [5, 0.6, 0.0035], [3, 0.6, 0.008], [4, 0.6, 0.00425], [5, 0.6, 0.0045], [3, 0.6, 0.01225], [3, 0.6, 0.00975], [4, 0.6, 0.0065], [4, 0.6, 0.005], [4, 0.6, 0.0035], [3, 0.6, 0.00325], [4, 0.6, 0.00775], [3, 0.5, 0.068], [3, 0.5, 0.048], [4, 0.5, 0.096], [4, 0.5, 0.04], [3, 0.5, 0.064], [4, 0.5, 0.092], [4, 0.5, 0.086], [4, 0.5, 0.062], [3, 0.5, 0.044], [3, 0.5, 0.022], [2, 0.5, 0.028], [3, 0.5, 0.056], [2, 0.5, 0.04], [2, 0.5, 0.04], [3, 0.5, 0.096], [-1, 0.5, 0.27]]
False:[[2, 0.5, 0.05], [4, 0.5, 0.037], [3, 0.5, 0.038], [4, 0.5, 0.037], [2, 0.5, 0.038], [4, 0.5, 0.014], [2, 0.5, 0.028], [2, 0.5, 0.029], [3, 0.5, 0.039], [2, 0.5, 0.04], [4, 0.5, 0.013], [2, 0.5, 0.041], [4, 0.5, 0.024], [3, 0.5, 0.042], [3, 0.5, 0.013], [6, 0.3, 0.0068], [5, 0.3, 0.0086], [5, 0.3, 0.0084], [5, 0.3, 0.0098], [5, 0.3, 0.0042], [4, 0.3, 0.009], [4, 0.3, 0.0048], [4, 0.3, 0.0092], [6, 0.3, 0.0076], [3, 0.6, 0.0045], [5, 0.6, 0.0085], [4, 0.6, 0.0055], [5, 0.6, 0.00375], [3, 0.6, 0.011], [4, 0.6, 0.0035], [5, 0.6, 0.005], [4, 0.6, 0.01], [5, 0.6, 0.003], [3, 0.5, 0.058], [2, 0.5, 0.08], [4, 0.5, 0.046], [2, 0.5, 0.068], [3, 0.5, 0.1], [3, 0.5, 0.068], [3, 0.5, 0.024], [4, 0.5, 0.056], [4, 0.5, 0.068], [3, 0.5, 0.032], [2, 0.5, 0.032], [3, 0.5, 0.06], [2, 0.5, 0.044], [2, 0.5, 0.098], [3, 0.5, 0.032], [2, 0.5, 0.066], [-1, 0.5, 0.27]]
True:[[3, 0.5, 0.048], [3, 0.5, 0.036], [4, 0.5, 0.046], [3, 0.5, 0.016], [4, 0.5, 0.05], [2, 0.5, 0.034], [6, 0.3, 0.006], [5, 0.3, 0.0032], [6, 0.3, 0.004], [5, 0.3, 0.005], [5, 0.6, 0.0115], [4, 0.6, 0.00725], [3, 0.6, 0.007], [4, 0.6, 0.00325], [4, 0.5, 0.05], [4, 0.5, 0.026], [2, 0.5, 0.032], [2, 0.5, 0.044], [4, 0.5, 0.06], [3, 0.5, 0.082], [4, 0.5, 0.046], [0, 0.5, 0.17], [-1, 0.5, 0.1], [0, 0.5, 0.18], [-1, 0.5, 0.17], [-1, 0.5, 0.18]]
False:[[2, 0.5, 0.034], [3, 0.5, 0.023], [2, 0.5, 0.038], [4, 0.5, 0.039], [4, 0.5, 0.041], [3, 0.5, 0.019], [2, 0.5, 0.036], [3, 0.5, 0.048], [3, 0.5, 0.039], [5, 0.3, 0.005], [6, 0.3, 0.0028], [4, 0.3, 0.0076], [6, 0.3, 0.0048], [4, 0.3, 0.0078], [5, 0.3, 0.0088], [3, 0.6, 0.01125], [4, 0.6, 0.0095], [5, 0.6, 0.01075], [3, 0.6, 0.01], [3, 0.6, 0.00525], [4, 0.6, 0.0065], [4, 0.5, 0.07], [2, 0.5, 0.06], [4, 0.5, 0.038], [3, 0.5, 0.08], [2, 0.5, 0.046], [2, 0.5, 0.078], [2, 0.5, 0.078], [3, 0.5, 0.098], [3, 0.5, 0.092], [3, 0.5, 0.076], [0, 0.5, 0.23]]
False:[[2, 0.5, 0.016], [2, 0.5, 0.023], [2, 0.5, 0.013], [4, 0.5, 0.049], [4, 0.5, 0.029], [4, 0.5, 0.026], [4, 0.5, 0.041], [3, 0.5, 0.049], [4, 0.5, 0.016], [2, 0.5, 0.034], [4, 0.5, 0.023], [4, 0.5, 0.01], [4, 0.5, 0.039], [3, 0.5, 0.024], [4, 0.3, 0.0022], [6, 0.3, 0.0066], [4, 0.3, 0.006], [5, 0.3, 0.0062], [4, 0.3, 0.0074], [6, 0.3, 0.0028], [4, 0.3, 0.005], [5, 0.3, 0.0092], [4, 0.3, 0.0032], [5, 0.3, 0.0034], [3, 0.6, 0.0105], [4, 0.6, 0.00675], [5, 0.6, 0.012], [4, 0.6, 0.00325], [3, 0.6, 0.00275], [3, 0.6, 0.0055], [4, 0.6, 0.01125], [5, 0.6, 0.01175], [3, 0.6, 0.00325], [3, 0.6, 0.0075], [3, 0.6, 0.0065], [5, 0.6, 0.0075], [4, 0.5, 0.02], [4, 0.5, 0.086], [2, 0.5, 0.048], [3, 0.5, 0.026], [4, 0.5, 0.092], [4, 0.5, 0.03], [3, 0.5, 0.074], [3, 0.5, 0.02], [3, 0.5, 0.086], [3, 0.5, 0.036], [3, 0.5, 0.066], [3, 0.5, 0.09], [4, 0.5, 0.038], [3, 0.5, 0.028], [2, 0.5, 0.088], [-1, 0.5, 0.25], [-1, 0.5, 0.2], [0, 0.5, 0.24]]
False:[[4, 0.5, 0.038], [2, 0.5, 0.046], [3, 0.5, 0.044], [3, 0.5, 0.017], [4, 0.5, 0.021], [2, 0.5, 0.011], [2, 0.5, 0.047], [4, 0.5, 0.041], [3, 0.5, 0.032], [3, 0.5, 0.04], [4, 0.5, 0.014], [4, 0.3, 0.0026], [6, 0.3, 0.0086], [4, 0.3, 0.0036], [6, 0.3, 0.0074], [4, 0.3, 0.0034], [5, 0.3, 0.0078], [4, 0.6, 0.007], [3, 0.6, 0.004], [4, 0.6, 0.0065], [4, 0.6, 0.0025], [3, 0.6, 0.00475], [4, 0.6, 0.00575], [3, 0.6, 0.01025], [4, 0.6, 0.00875], [4, 0.6, 0.00625], [2, 0.5, 0.058], [4, 0.5, 0.08], [2, 0.5, 0.056], [3, 0.5, 0.096], [3, 0.5, 0.09], [2, 0.5, 0.08], [4, 0.5, 0.034], [4, 0.5, 0.05], [4, 0.5, 0.094], [2, 0.5, 0.098], [4, 0.5, 0.034], [0, 0.5, 0.13], [0, 0.5, 0.17], [-1, 0.5, 0.2], [0, 0.5, 0.22], [0, 0.5, 0.12], [-1, 0.5, 0.13], [-1, 0.5, 0.25], [-1, 0.5, 0.12], [0, 0.5, 0.13]]
False:[[4, 0.5, 0.024], [4, 0.5, 0.023], [2, 0.5, 0.019], [2, 0.5, 0.01], [4, 0.5, 0.014], [2, 0.5, 0.019], [2, 0.5, 0.038], [3, 0.5, 0.049], [4, 0.5, 0.024], [3, 0.5, 0.014], [2, 0.5, 0.031], [3, 0.5, 0.05], [6, 0.3, 0.0064], [4, 0.3, 0.0092], [5, 0.3, 0.0076], [6, 0.3, 0.0096], [5, 0.3, 0.0082], [4, 0.3, 0.005], [4, 0.3, 0.0076], [4, 0.6, 0.00425], [4, 0.6, 0.00825], [3, 0.6, 0.00425], [5, 0.6, 0.0105], [5, 0.6, 0.00625], [5, 0.6, 0.00625], [3, 0.6, 0.00575], [3, 0.6, 0.0065], [4, 0.6, 0.005], [2, 0.5, 0.034], [4, 0.5, 0.042], [3, 0.5, 0.06], [2, 0.5, 0.054], [4, 0.5, 0.058], [2, 0.5, 0.052], [3, 0.5, 0.058], [2, 0.5, 0.044], [4, 0.5, 0.03], [3, 0.5, 0.072], [4, 0.5, 0.084], [0, 0.5, 0.23]]
False:[[4, 0.5, 0.026], [3, 0.5, 0.05], [2, 0.5, 0.023], [3, 0.5, 0.031], [6, 0.3, 0.002], [6, 0.3, 0.008], [3, 0.6, 0.0065], [3, 0.6, 0.0115], [5, 0.6, 0.00375], [3, 0.5, 0.076], [4, 0.5, 0.032], [2, 0.5, 0.08], [2, 0.5, 0.076], [1, 0.5, 0.12]]
False:[[2, 0.5, 0.022], [2, 0.5, 0.011], [4, 0.5, 0.042], [4, 0.5, 0.046], [2, 0.5, 0.032], [4, 0.5, 0.037], [5, 0.3, 0.0032], [4, 0.3, 0.0086], [5, 0.3, 0.0078], [4, 0.6, 0.0125], [5, 0.6, 0.00425], [3, 0.6, 0.00275], [4, 0.6, 0.00725], [4, 0.5, 0.072], [4, 0.5, 0.052], [4, 0.5, 0.054], [2, 0.5, 0.034], [4, 0.5, 0.032], [-1, 0.5, 0.19], [-1, 0.5, 0.22]]
False:[[4, 0.5, 0.02], [4, 0.5, 0.034], [3, 0.5, 0.041], [2, 0.5, 0.023], [3, 0.5, 0.021], [6, 0.3, 0.0092], [6, 0.3, 0.004], [5, 0.3, 0.0032], [5, 0.6, 0.0095], [5, 0.6, 0.00775], [4, 0.6, 0.0035], [4, 0.6, 0.0045], [2, 0.5, 0.034], [4, 0.5, 0.052], [3, 0.5, 0.058], [2, 0.5, 0.054], [4, 0.5, 0.034], [0, 0.5, 0.19]]
False:[[2, 0.5, 0.033], [2, 0.5, 0.024], [3, 0.5, 0.01], [3, 0.5, 0.04], [2, 0.5, 0.045], [3, 0.5, 0.026], [2, 0.5, 0.029], [5, 0.3, 0.01], [4, 0.3, 0.006], [6, 0.3, 0.0074], [5, 0.3, 0.0068], [5, 0.6, 0.009], [4, 0.6, 0.01175], [5, 0.6, 0.00475], [4, 0.5, 0.032], [4, 0.5, 0.056], [2, 0.5, 0.03], [2, 0.5, 0.04], [2, 0.5, 0.096], [4, 0.5, 0.062], [0, 0.5, 0.29]]
False:[[2, 0.5, 0.025], [3, 0.5, 0.031], [3, 0.5, 0.023], [2, 0.5, 0.032], [2, 0.5, 0.045], [3, 0.5, 0.033], [4, 0.5, 0.033], [2, 0.5, 0.048], [3, 0.5, 0.013], [5, 0.3, 0.0078], [5, 0.3, 0.0084], [6, 0.3, 0.0048], [6, 0.3, 0.0026], [4, 0.3, 0.0074], [4, 0.6, 0.0045], [3, 0.6, 0.00625], [4, 0.6, 0.00975], [5, 0.6, 0.0115], [5, 0.6, 0.00625], [3, 0.6, 0.0035], [2, 0.5, 0.062], [4, 0.5, 0.028], [2, 0.5, 0.04], [4, 0.5, 0.088], [2, 0.5, 0.058], [2, 0.5, 0.092], [4, 0.5, 0.044], [2, 0.5, 0.068], [3, 0.5, 0.054], [3, 0.5, 0.064], [-1, 0.5, 0.13], [-1, 0.5, 0.25]]
False:[[2, 0.5, 0.01], [3, 0.5, 0.031], [3, 0.5, 0.026], [4, 0.5, 0.039], [2, 0.5, 0.016], [6, 0.3, 0.002], [6, 0.3, 0.003], [5, 0.3, 0.0072], [5, 0.6, 0.012], [5, 0.6, 0.00725], [3, 0.5, 0.054], [3, 0.5, 0.084], [2, 0.5, 0.048], [3, 0.5, 0.06], [1, 0.5, 0.29]]
False:[[3, 0.5, 0.01], [4, 0.5, 0.021], [2, 0.5, 0.014], [3, 0.5, 0.027], [2, 0.5, 0.024], [2, 0.5, 0.011], [3, 0.5, 0.042], [4, 0.5, 0.036], [4, 0.5, 0.018], [3, 0.5, 0.038], [2, 0.5, 0.018], [4, 0.5, 0.023], [5, 0.3, 0.0084], [6, 0.3, 0.007], [5, 0.3, 0.0056], [4, 0.3, 0.004], [6, 0.3, 0.0074], [4, 0.3, 0.0086], [4, 0.3, 0.0054], [5, 0.6, 0.004], [4, 0.6, 0.004], [4, 0.6, 0.00625], [4, 0.6, 0.00325], [3, 0.6, 0.006], [5, 0.6, 0.006], [4, 0.6, 0.003], [5, 0.6, 0.009], [2, 0.5, 0.068], [4, 0.5, 0.034], [4, 0.5, 0.086], [3, 0.5, 0.086], [3, 0.5, 0.072], [3, 0.5, 0.078], [4, 0.5, 0.028], [4, 0.5, 0.032], [4, 0.5, 0.054], [1, 0.5, 0.26]]
False:[[2, 0.5, 0.012], [3, 0.5, 0.042], [3, 0.5, 0.038], [4, 0.5, 0.042], [2, 0.5, 0.043], [2, 0.5, 0.015], [3, 0.5, 0.047], [4, 0.5, 0.019], [2, 0.5, 0.035], [3, 0.5, 0.046], [3, 0.5, 0.015], [2, 0.5, 0.047], [3, 0.5, 0.037], [4, 0.5, 0.047], [4, 0.5, 0.045], [6, 0.3, 0.005], [6, 0.3, 0.007], [5, 0.3, 0.0082], [5, 0.3, 0.0052], [6, 0.3, 0.0092], [5, 0.3, 0.0094], [5, 0.3, 0.0054], [3, 0.6, 0.008], [3, 0.6, 0.0085], [4, 0.6, 0.01125], [3, 0.6, 0.00625], [3, 0.6, 0.009], [5, 0.6, 0.0035], [3, 0.6, 0.007], [3, 0.6, 0.01175], [4, 0.6, 0.00875], [3, 0.6, 0.0095], [4, 0.6, 0.00775], [4, 0.6, 0.0055], [4, 0.5, 0.028], [4, 0.5, 0.056], [2, 0.5, 0.062], [4, 0.5, 0.034], [4, 0.5, 0.1], [3, 0.5, 0.078], [3, 0.5, 0.082], [2, 0.5, 0.036], [2, 0.5, 0.046], [2, 0.5, 0.05], [4, 0.5, 0.03], [3, 0.5, 0.1], [2, 0.5, 0.092], [3, 0.5, 0.056], [-1, 0.5, 0.16]]
False:[[2, 0.5, 0.033], [3, 0.5, 0.018], [4, 0.5, 0.012], [4, 0.5, 0.032], [4, 0.5, 0.035], [3, 0.5, 0.039], [3, 0.5, 0.049], [4, 0.5, 0.014], [2, 0.5, 0.015], [4, 0.5, 0.017], [3, 0.5, 0.042], [4, 0.5, 0.02], [4, 0.3, 0.0058], [4, 0.3, 0.0092], [6, 0.3, 0.0068], [4, 0.3, 0.0074], [6, 0.3, 0.0046], [5, 0.3, 0.0038], [6, 0.3, 0.0066], [5, 0.3, 0.009], [5, 0.6, 0.00825], [3, 0.6, 0.00375], [5, 0.6, 0.00725], [4, 0.6, 0.008], [4, 0.6, 0.011], [3, 0.6, 0.01225], [5, 0.6, 0.00325], [3, 0.6, 0.0055], [4, 0.6, 0.00675], [2, 0.5, 0.044], [2, 0.5, 0.086], [4, 0.5, 0.052], [2, 0.5, 0.052], [2, 0.5, 0.046], [3, 0.5, 0.084], [3, 0.5, 0.036], [4, 0.5, 0.03], [3, 0.5, 0.1], [3, 0.5, 0.048], [4, 0.5, 0.084], [3, 0.5, 0.094], [3, 0.5, 0.072], [-1, 0.5, 0.28]]
False:[[3, 0.5, 0.018], [2, 0.5, 0.024], [2, 0.5, 0.026], [2, 0.5, 0.044], [2, 0.5, 0.022], [4, 0.5, 0.021], [4, 0.5, 0.036], [3, 0.5, 0.048], [3, 0.5, 0.037], [4, 0.5, 0.043], [2, 0.5, 0.011], [4, 0.5, 0.02], [4, 0.5, 0.029], [3, 0.5, 0.033], [6, 0.3, 0.0058], [4, 0.3, 0.002], [4, 0.3, 0.0086], [6, 0.3, 0.0066], [6, 0.3, 0.0058], [6, 0.3, 0.0098], [6, 0.3, 0.003], [5, 0.3, 0.0048], [4, 0.6, 0.00425], [5, 0.6, 0.00725], [4, 0.6, 0.00425], [4, 0.6, 0.00625], [3, 0.6, 0.00725], [3, 0.6, 0.00475], [4, 0.6, 0.00825], [5, 0.6, 0.007], [3, 0.6, 0.012], [4, 0.6, 0.0035], [4, 0.5, 0.06], [3, 0.5, 0.088], [2, 0.5, 0.082], [4, 0.5, 0.07], [4, 0.5, 0.052], [4, 0.5, 0.08], [4, 0.5, 0.09], [4, 0.5, 0.078], [2, 0.5, 0.048], [4, 0.5, 0.07], [4, 0.5, 0.034], [4, 0.5, 0.09], [-1, 0.5, 0.3]]
False:[[3, 0.5, 0.035], [3, 0.5, 0.043], [4, 0.5, 0.018], [4, 0.5, 0.039], [2, 0.5, 0.015], [4, 0.5, 0.017], [4, 0.5, 0.011], [4, 0.5, 0.022], [2, 0.5, 0.034], [2, 0.5, 0.032], [3, 0.5, 0.02], [2, 0.5, 0.017], [2, 0.5, 0.046], [4, 0.5, 0.047], [4, 0.3, 0.003], [5, 0.3, 0.0054], [5, 0.3, 0.0094], [6, 0.3, 0.0066], [5, 0.3, 0.007], [6, 0.3, 0.0084], [5, 0.3, 0.0062], [6, 0.3, 0.0092], [5, 0.6, 0.009], [4, 0.6, 0.012], [3, 0.6, 0.0035], [5, 0.6, 0.006], [5, 0.6, 0.012], [5, 0.6, 0.00625], [5, 0.6, 0.00775], [3, 0.6, 0.00875], [3, 0.6, 0.0075], [3, 0.5, 0.03], [4, 0.5, 0.05], [3, 0.5, 0.072], [3, 0.5, 0.054], [3, 0.5, 0.026], [3, 0.5, 0.098], [4, 0.5, 0.074], [4, 0.5, 0.05], [2, 0.5, 0.068], [3, 0.5, 0.082], [3, 0.5, 0.046], [3, 0.5, 0.07], [4, 0.5, 0.05], [4, 0.5, 0.078], [-1, 0.5, 0.26], [0, 0.5, 0.27], [-1, 0.5, 0.1], [-1, 0.5, 0.18]]
False:[[4, 0.5, 0.05], [3, 0.5, 0.014], [3, 0.5, 0.02], [4, 0.5, 0.017], [2, 0.5, 0.032], [4, 0.5, 0.023], [5, 0.3, 0.008], [4, 0.3, 0.01], [6, 0.3, 0.0088], [4, 0.6, 0.0125], [3, 0.6, 0.011], [5, 0.6, 0.0095], [3, 0.6, 0.0045], [5, 0.6, 0.00425], [4, 0.5, 0.026], [2, 0.5, 0.1], [4, 0.5, 0.094], [2, 0.5, 0.058], [3, 0.5, 0.03], [2, 0.5, 0.092], [4, 0.5, 0.092], [0, 0.5, 0.24], [-1, 0.5, 0.14], [-1, 0.5, 0.3], [0, 0.5, 0.3], [-1, 0.5, 0.17], [0, 0.5, 0.29], [-1, 0.5, 0.25], [-1, 0.5, 0.16]]
False:[[3, 0.5, 0.01], [3, 0.5, 0.047], [4, 0.5, 0.033], [4, 0.5, 0.027], [4, 0.5, 0.035], [6, 0.3, 0.002], [4, 0.3, 0.002], [4, 0.3, 0.008], [5, 0.3, 0.01], [4, 0.6, 0.00425], [3, 0.6, 0.01125], [3, 0.6, 0.006], [5, 0.6, 0.00275], [4, 0.6, 0.0105], [2, 0.5, 0.094], [4, 0.5, 0.054], [2, 0.5, 0.084], [3, 0.5, 0.024], [4, 0.5, 0.066], [3, 0.5, 0.034], [-1, 0.5, 0.13], [0, 0.5, 0.25]]
True:[[2, 0.5, 0.046], [2, 0.5, 0.039], [4, 0.5, 0.025], [2, 0.5, 0.03], [4, 0.5, 0.028], [3, 0.5, 0.048], [4, 0.3, 0.0078], [5, 0.3, 0.0084], [4, 0.3, 0.0024], [4, 0.3, 0.0052], [6, 0.3, 0.0076], [3, 0.6, 0.003], [5, 0.6, 0.012], [5, 0.6, 0.009], [4, 0.5, 0.046], [3, 0.5, 0.028], [3, 0.5, 0.036], [4, 0.5, 0.058], [4, 0.5, 0.096], [4, 0.5, 0.064], [-1, 0.5, 0.27], [-1, 0.5, 0.26], [0, 0.5, 0.28], [-1, 0.5, 0.22], [-1, 0.5, 0.13]]
False:[[4, 0.5, 0.029], [3, 0.5, 0.022], [3, 0.5, 0.018], [4, 0.5, 0.047], [3, 0.5, 0.032], [3, 0.5, 0.022], [4, 0.5, 0.03], [3, 0.5, 0.012], [3, 0.5, 0.05], [3, 0.5, 0.048], [4, 0.5, 0.012], [2, 0.5, 0.028], [4, 0.5, 0.019], [6, 0.3, 0.0032], [6, 0.3, 0.0094], [5, 0.3, 0.0066], [4, 0.3, 0.0092], [4, 0.3, 0.0024], [4, 0.3, 0.0022], [6, 0.3, 0.0036], [5, 0.3, 0.01], [5, 0.6, 0.00425], [4, 0.6, 0.0125], [3, 0.6, 0.00825], [3, 0.6, 0.004], [5, 0.6, 0.00525], [3, 0.6, 0.0045], [5, 0.6, 0.0055], [5, 0.6, 0.0095], [3, 0.6, 0.00525], [3, 0.6, 0.00825], [4, 0.6, 0.0055], [2, 0.5, 0.048], [2, 0.5, 0.076], [4, 0.5, 0.066], [4, 0.5, 0.028], [2, 0.5, 0.02], [4, 0.5, 0.044], [2, 0.5, 0.076], [3, 0.5, 0.082], [3, 0.5, 0.096], [3, 0.5, 0.09], [2, 0.5, 0.1], [2, 0.5, 0.098], [2, 0.5, 0.062], [3, 0.5, 0.09], [3, 0.5, 0.096], [2, 0.5, 0.062], [4, 0.5, 0.074], [0, 0.5, 0.21], [0, 0.5, 0.22], [0, 0.5, 0.21], [-1, 0.5, 0.11], [0, 0.5, 0.23], [-1, 0.5, 0.28], [-1, 0.5, 0.2], [-1, 0.5, 0.2], [-1, 0.5, 0.19]]
False:[[4, 0.5, 0.02], [2, 0.5, 0.012], [2, 0.5, 0.041], [3, 0.5, 0.045], [3, 0.5, 0.042], [2, 0.5, 0.021], [5, 0.3, 0.0028], [4, 0.3, 0.0056], [4, 0.3, 0.0096], [6, 0.3, 0.0096], [5, 0.6, 0.0105], [3, 0.6, 0.00325], [4, 0.6, 0.007], [4, 0.5, 0.076], [2, 0.5, 0.046], [3, 0.5, 0.08], [2, 0.5, 0.024], [3, 0.5, 0.068], [3, 0.5, 0.048], [0, 0.5, 0.27]]
False:[[4, 0.5, 0.037], [4, 0.5, 0.015], [2, 0.5, 0.011], [3, 0.5, 0.041], [4, 0.5, 0.025], [4, 0.5, 0.042], [4, 0.5, 0.024], [4, 0.5, 0.015], [4, 0.5, 0.021], [4, 0.5, 0.023], [6, 0.3, 0.0072], [4, 0.3, 0.0064], [5, 0.3, 0.006], [6, 0.3, 0.009], [4, 0.3, 0.005], [6, 0.3, 0.0082], [6, 0.3, 0.0082], [4, 0.6, 0.007], [4, 0.6, 0.0035], [4, 0.6, 0.00425], [3, 0.6, 0.0115], [5, 0.6, 0.01025], [3, 0.6, 0.009], [4, 0.6, 0.0095], [3, 0.6, 0.00875], [5, 0.6, 0.00675], [3, 0.5, 0.06], [2, 0.5, 0.036], [3, 0.5, 0.024], [4, 0.5, 0.094], [3, 0.5, 0.078], [4, 0.5, 0.086], [2, 0.5, 0.084], [3, 0.5, 0.036], [2, 0.5, 0.03], [4, 0.5, 0.056], [2, 0.5, 0.046], [2, 0.5, 0.1], [2, 0.5, 0.078], [4, 0.5, 0.044], [-1, 0.5, 0.23], [-1, 0.5, 0.28], [-1, 0.5, 0.18]]
False:[[3, 0.5, 0.044], [2, 0.5, 0.031], [2, 0.5, 0.036], [2, 0.5, 0.027], [2, 0.5, 0.024], [3, 0.5, 0.032], [2, 0.5, 0.04], [3, 0.5, 0.037], [2, 0.5, 0.035], [3, 0.5, 0.01], [3, 0.5, 0.025], [4, 0.5, 0.045], [4, 0.5, 0.011], [3, 0.5, 0.032], [3, 0.5, 0.04], [2, 0.5, 0.047], [4, 0.3, 0.0098], [5, 0.3, 0.0036], [5, 0.3, 0.0058], [4, 0.3, 0.0078], [4, 0.3, 0.0068], [5, 0.3, 0.0072], [4, 0.3, 0.0098], [5, 0.3, 0.009], [6, 0.3, 0.0088], [4, 0.6, 0.00825], [5, 0.6, 0.003], [5, 0.6, 0.00475], [4, 0.6, 0.011], [3, 0.6, 0.00425], [4, 0.6, 0.00625], [3, 0.6, 0.01025], [3, 0.6, 0.00275], [3, 0.6, 0.01075], [4, 0.6, 0.01], [4, 0.6, 0.00825], [3, 0.5, 0.1], [2, 0.5, 0.064], [4, 0.5, 0.038], [3, 0.5, 0.088], [4, 0.5, 0.03], [4, 0.5, 0.048], [4, 0.5, 0.1], [2, 0.5, 0.048], [2, 0.5, 0.084], [2, 0.5, 0.05], [4, 0.5, 0.028], [3, 0.5, 0.086], [3, 0.5, 0.034], [2, 0.5, 0.046], [0, 0.5, 0.17]]
False:[[3, 0.5, 0.036], [3, 0.5, 0.024], [3, 0.5, 0.044], [2, 0.5, 0.026], [5, 0.3, 0.0098], [6, 0.3, 0.0076], [4, 0.6, 0.00425], [4, 0.6, 0.006], [3, 0.5, 0.096], [2, 0.5, 0.07], [4, 0.5, 0.1], [2, 0.5, 0.02], [2, 0.5, 0.026], [-1, 0.5, 0.14], [0, 0.5, 0.28]]
False:[[4, 0.5, 0.022], [3, 0.5, 0.017], [3, 0.5, 0.013], [3, 0.5, 0.05], [3, 0.5, 0.028], [4, 0.5, 0.033], [2, 0.5, 0.031], [2, 0.5, 0.036], [4, 0.5, 0.02], [2, 0.5, 0.031], [3, 0.5, 0.042], [2, 0.5, 0.03], [2, 0.5, 0.012], [4, 0.5, 0.014], [2, 0.5, 0.041], [6, 0.3, 0.0076], [5, 0.3, 0.0076], [6, 0.3, 0.006], [5, 0.3, 0.0078], [6, 0.3, 0.0058], [4, 0.3, 0.0036], [5, 0.3, 0.0092], [5, 0.3, 0.0032], [4, 0.3, 0.002], [5, 0.6, 0.01025], [5, 0.6, 0.01075], [3, 0.6, 0.003], [3, 0.6, 0.00525], [3, 0.6, 0.0035], [4, 0.6, 0.0085], [4, 0.6, 0.00275], [4, 0.6, 0.00675], [5, 0.6, 0.0045], [3, 0.6, 0.01125], [4, 0.6, 0.00975], [4, 0.5, 0.02], [4, 0.5, 0.074], [2, 0.5, 0.046], [4, 0.5, 0.06], [3, 0.5, 0.044], [3, 0.5, 0.058], [2, 0.5, 0.026], [4, 0.5, 0.074], [4, 0.5, 0.062], [4, 0.5, 0.064], [2, 0.5, 0.02], [2, 0.5, 0.052], [4, 0.5, 0.058], [0, 0.5, 0.14]]
False:[[4, 0.5, 0.031], [3, 0.5, 0.015], [2, 0.5, 0.039], [3, 0.5, 0.021], [3, 0.5, 0.048], [2, 0.5, 0.037], [3, 0.5, 0.028], [3, 0.5, 0.044], [4, 0.5, 0.025], [3, 0.5, 0.018], [3, 0.5, 0.01], [3, 0.5, 0.024], [3, 0.5, 0.046], [2, 0.5, 0.043], [4, 0.5, 0.048], [2, 0.5, 0.021], [4, 0.3, 0.0096], [5, 0.3, 0.0084], [6, 0.3, 0.0048], [5, 0.3, 0.0044], [5, 0.3, 0.0094], [5, 0.3, 0.0064], [5, 0.3, 0.0084], [5, 0.3, 0.0026], [5, 0.3, 0.0074], [4, 0.6, 0.007], [3, 0.6, 0.00575], [4, 0.6, 0.01], [4, 0.6, 0.0115], [4, 0.6, 0.00775], [3, 0.6, 0.01225], [3, 0.6, 0.00825], [4, 0.6, 0.01225], [5, 0.6, 0.0125], [3, 0.6, 0.004], [4, 0.6, 0.01225], [4, 0.6, 0.00625], [5, 0.6, 0.0075], [4, 0.5, 0.086], [3, 0.5, 0.1], [3, 0.5, 0.068], [4, 0.5, 0.05], [2, 0.5, 0.098], [2, 0.5, 0.094], [3, 0.5, 0.028], [3, 0.5, 0.026], [3, 0.5, 0.03], [4, 0.5, 0.022], [3, 0.5, 0.078], [4, 0.5, 0.026], [2, 0.5, 0.07], [4, 0.5, 0.044], [3, 0.5, 0.094], [-1, 0.5, 0.17], [-1, 0.5, 0.21], [0, 0.5, 0.26], [-1, 0.5, 0.13], [-1, 0.5, 0.23]]
False:[[4, 0.5, 0.042], [2, 0.5, 0.016], [4, 0.5, 0.021], [4, 0.5, 0.047], [4, 0.5, 0.022], [2, 0.5, 0.044], [4, 0.5, 0.034], [3, 0.5, 0.046], [2, 0.5, 0.031], [4, 0.5, 0.038], [4, 0.5, 0.022], [3, 0.5, 0.028], [4, 0.3, 0.003], [4, 0.3, 0.0046], [5, 0.3, 0.0066], [6, 0.3, 0.0044], [6, 0.3, 0.0086], [5, 0.3, 0.0036], [4, 0.3, 0.003], [5, 0.3, 0.0034], [4, 0.3, 0.0038], [4, 0.6, 0.00575], [5, 0.6, 0.00525], [3, 0.6, 0.007], [5, 0.6, 0.01175], [5, 0.6, 0.008], [3, 0.6, 0.00775], [4, 0.6, 0.00325], [5, 0.6, 0.00525], [3, 0.6, 0.00675], [4, 0.5, 0.076], [2, 0.5, 0.042], [3, 0.5, 0.02], [2, 0.5, 0.024], [4, 0.5, 0.098], [3, 0.5, 0.056], [4, 0.5, 0.04], [4, 0.5, 0.048], [3, 0.5, 0.046], [2, 0.5, 0.1], [3, 0.5, 0.068], [2, 0.5, 0.032], [4, 0.5, 0.026], [1, 0.5, 0.18]]
False:[[2, 0.5, 0.029], [3, 0.5, 0.01], [2, 0.5, 0.032], [2, 0.5, 0.048], [3, 0.5, 0.022], [4, 0.5, 0.048], [4, 0.5, 0.013], [3, 0.5, 0.05], [3, 0.5, 0.04], [2, 0.5, 0.033], [4, 0.5, 0.049], [5, 0.3, 0.002], [6, 0.3, 0.0042], [6, 0.3, 0.009], [6, 0.3, 0.002], [6, 0.3, 0.0036], [3, 0.6, 0.01125], [5, 0.6, 0.0095], [3, 0.6, 0.006], [4, 0.6, 0.0115], [3, 0.6, 0.00475], [3, 0.6, 0.011], [3, 0.6, 0.01075], [3, 0.6, 0.00375], [3, 0.6, 0.01], [3, 0.5, 0.08], [4, 0.5, 0.072], [4, 0.5, 0.062], [4, 0.5, 0.062], [2, 0.5, 0.026], [2, 0.5, 0.024], [3, 0.5, 0.06], [4, 0.5, 0.058], [4, 0.5, 0.062], [1, 0.5, 0.29]]
False:[[2, 0.5, 0.043], [4, 0.5, 0.039], [4, 0.5, 0.024], [4, 0.5, 0.041], [4, 0.3, 0.0086], [4, 0.3, 0.002], [6, 0.3, 0.0072], [3, 0.6, 0.00725], [5, 0.6, 0.00725], [3, 0.6, 0.007], [4, 0.6, 0.003], [2, 0.5, 0.07], [2, 0.5, 0.03], [4, 0.5, 0.032], [2, 0.5, 0.042], [4, 0.5, 0.086], [0, 0.5, 0.15]]
False:[[2, 0.5, 0.027], [3, 0.5, 0.034], [3, 0.5, 0.049], [2, 0.5, 0.014], [3, 0.5, 0.023], [4, 0.5, 0.043], [3, 0.5, 0.01], [4, 0.5, 0.043], [4, 0.3, 0.007], [5, 0.3, 0.0088], [6, 0.3, 0.0052], [6, 0.3, 0.0086], [4, 0.3, 0.0076], [3, 0.6, 0.006], [3, 0.6, 0.00275], [5, 0.6, 0.0095], [3, 0.6, 0.01], [5, 0.6, 0.01025], [3, 0.6, 0.01075], [3, 0.5, 0.046], [3, 0.5, 0.078], [3, 0.5, 0.088], [2, 0.5, 0.02], [3, 0.5, 0.044], [4, 0.5, 0.084], [4, 0.5, 0.034], [4, 0.5, 0.078], [0, 0.5, 0.25], [-1, 0.5, 0.13], [0, 0.5, 0.16]]
False:[[3, 0.5, 0.012], [2, 0.5, 0.023], [3, 0.5, 0.036], [4, 0.5, 0.04], [4, 0.5, 0.019], [2, 0.5, 0.012], [4, 0.5, 0.017], [3, 0.5, 0.015], [2, 0.5, 0.026], [4, 0.5, 0.035], [3, 0.5, 0.023], [6, 0.3, 0.0084], [4, 0.3, 0.0064], [6, 0.3, 0.0038], [4, 0.3, 0.0024], [5, 0.3, 0.0032], [6, 0.3, 0.0068], [4, 0.3, 0.0066], [5, 0.6, 0.00675], [3, 0.6, 0.00725], [5, 0.6, 0.004], [4, 0.6, 0.00575], [5, 0.6, 0.00625], [4, 0.6, 0.01075], [3, 0.6, 0.0115], [4, 0.6, 0.01225], [4, 0.5, 0.056], [2, 0.5, 0.098], [3, 0.5, 0.096], [3, 0.5, 0.054], [4, 0.5, 0.066], [3, 0.5, 0.098], [2, 0.5, 0.078], [3, 0.5, 0.072], [3, 0.5, 0.032], [4, 0.5, 0.08], [4, 0.5, 0.076], [-1, 0.5, 0.21], [-1, 0.5, 0.15], [0, 0.5, 0.12]]
False:[[3, 0.5, 0.038], [2, 0.5, 0.023], [4, 0.5, 0.029], [3, 0.5, 0.018], [2, 0.5, 0.024], [2, 0.5, 0.023], [3, 0.5, 0.023], [2, 0.5, 0.017], [3, 0.5, 0.02], [3, 0.5, 0.031], [2, 0.5, 0.034], [4, 0.5, 0.038], [3, 0.5, 0.042], [2, 0.5, 0.013], [2, 0.5, 0.045], [3, 0.5, 0.038], [5, 0.3, 0.003], [4, 0.3, 0.008], [4, 0.3, 0.0032], [5, 0.3, 0.0026], [5, 0.3, 0.0086], [4, 0.3, 0.01], [5, 0.3, 0.004], [4, 0.3, 0.0034], [4, 0.3, 0.0082], [6, 0.3, 0.0084], [3, 0.6, 0.00525], [3, 0.6, 0.00325], [3, 0.6, 0.00925], [3, 0.6, 0.01075], [4, 0.6, 0.00275], [4, 0.6, 0.0075], [5, 0.6, 0.006], [3, 0.6, 0.01075], [4, 0.6, 0.00425], [4, 0.6, 0.011], [5, 0.6, 0.0095], [4, 0.5, 0.084], [4, 0.5, 0.056], [3, 0.5, 0.046], [2, 0.5, 0.08], [4, 0.5, 0.026], [2, 0.5, 0.03], [2, 0.5, 0.044], [4, 0.5, 0.076], [4, 0.5, 0.044], [2, 0.5, 0.052], [2, 0.5, 0.076], [3, 0.5, 0.078], [3, 0.5, 0.032], [2, 0.5, 0.02], [0, 0.5, 0.18]]
False:[[4, 0.5, 0.04], [4, 0.5, 0.029], [3, 0.5, 0.044], [3, 0.5, 0.014], [3, 0.5, 0.045], [4, 0.5, 0.029], [3, 0.5, 0.038], [3, 0.5, 0.041], [3, 0.5, 0.022], [2, 0.5, 0.017], [3, 0.5, 0.011], [3, 0.5, 0.044], [4, 0.5, 0.05], [4, 0.5, 0.016], [4, 0.3, 0.008], [6, 0.3, 0.009], [6, 0.3, 0.0026], [4, 0.3, 0.0034], [6, 0.3, 0.0034], [6, 0.3, 0.0048], [4, 0.3, 0.0028], [4, 0.3, 0.0068], [4, 0.3, 0.0072], [4, 0.3, 0.0054], [3, 0.6, 0.007], [4, 0.6, 0.01125], [5, 0.6, 0.00475], [5, 0.6, 0.00525], [5, 0.6, 0.009], [3, 0.6, 0.011], [5, 0.6, 0.0095], [3, 0.6, 0.00675], [3, 0.6, 0.00825], [5, 0.6, 0.00825], [3, 0.6, 0.00425], [4, 0.5, 0.06], [3, 0.5, 0.052], [4, 0.5, 0.044], [2, 0.5, 0.05], [3, 0.5, 0.068], [4, 0.5, 0.086], [3, 0.5, 0.02], [2, 0.5, 0.022], [4, 0.5, 0.094], [3, 0.5, 0.08], [2, 0.5, 0.074], [3, 0.5, 0.026], [4, 0.5, 0.086], [3, 0.5, 0.096], [2, 0.5, 0.066], [-1, 0.5, 0.19]]
False:[[2, 0.5, 0.015], [2, 0.5, 0.043], [4, 0.5, 0.015], [4, 0.5, 0.011], [4, 0.5, 0.021], [4, 0.5, 0.014], [2, 0.5, 0.044], [4, 0.5, 0.046], [4, 0.3, 0.0028], [4, 0.3, 0.005], [6, 0.3, 0.008], [5, 0.3, 0.009], [4, 0.3, 0.005], [5, 0.3, 0.004], [4, 0.6, 0.01225], [4, 0.6, 0.007], [3, 0.6, 0.008], [5, 0.6, 0.006], [4, 0.6, 0.00975], [4, 0.6, 0.005], [2, 0.5, 0.064], [4, 0.5, 0.024], [2, 0.5, 0.038], [3, 0.5, 0.078], [3, 0.5, 0.098], [2, 0.5, 0.082], [3, 0.5, 0.074], [3, 0.5, 0.088], [4, 0.5, 0.038], [3, 0.5, 0.084], [-1, 0.5, 0.11]]
False:[[4, 0.5, 0.031], [4, 0.5, 0.021], [3, 0.5, 0.044], [2, 0.5, 0.024], [2, 0.5, 0.044], [2, 0.5, 0.025], [4, 0.5, 0.035], [3, 0.5, 0.011], [2, 0.5, 0.037], [2, 0.5, 0.044], [2, 0.5, 0.023], [3, 0.5, 0.037], [3, 0.5, 0.043], [3, 0.5, 0.026], [4, 0.5, 0.016], [6, 0.3, 0.008], [6, 0.3, 0.0074], [4, 0.3, 0.007], [4, 0.3, 0.0058], [4, 0.3, 0.0032], [4, 0.3, 0.0048], [5, 0.3, 0.0082], [5, 0.3, 0.005], [5, 0.3, 0.0024], [4, 0.3, 0.003], [5, 0.6, 0.0105], [5, 0.6, 0.004], [5, 0.6, 0.00675], [3, 0.6, 0.0045], [3, 0.6, 0.0025], [5, 0.6, 0.0045], [3, 0.6, 0.006], [4, 0.6, 0.01025], [4, 0.6, 0.01], [4, 0.6, 0.00425], [2, 0.5, 0.078], [4, 0.5, 0.044], [3, 0.5, 0.028], [2, 0.5, 0.044], [2, 0.5, 0.078], [3, 0.5, 0.1], [2, 0.5, 0.07], [2, 0.5, 0.078], [3, 0.5, 0.096], [3, 0.5, 0.042], [4, 0.5, 0.024], [4, 0.5, 0.072], [4, 0.5, 0.05], [3, 0.5, 0.048], [3, 0.5, 0.048], [2, 0.5, 0.054], [-1, 0.5, 0.1]]
False:[[2, 0.5, 0.01], [3, 0.5, 0.011], [2, 0.5, 0.013], [2, 0.5, 0.022], [3, 0.5, 0.046], [2, 0.5, 0.03], [3, 0.5, 0.039], [2, 0.5, 0.024], [3, 0.5, 0.011], [2, 0.5, 0.03], [4, 0.5, 0.03], [6, 0.3, 0.0066], [5, 0.3, 0.0094], [6, 0.3, 0.0078], [4, 0.3, 0.0046], [4, 0.3, 0.0064], [4, 0.6, 0.00775], [3, 0.6, 0.00425], [5, 0.6, 0.003], [5, 0.6, 0.0085], [3, 0.6, 0.00875], [4, 0.6, 0.0085], [5, 0.6, 0.00625], [3, 0.5, 0.038], [2, 0.5, 0.058], [3, 0.5, 0.076], [2, 0.5, 0.05], [3, 0.5, 0.024], [3, 0.5, 0.046], [2, 0.5, 0.058], [2, 0.5, 0.046], [3, 0.5, 0.076], [0, 0.5, 0.27]]
False:[[4, 0.5, 0.021], [2, 0.5, 0.039], [4, 0.5, 0.026], [2, 0.5, 0.01], [3, 0.5, 0.011], [6, 0.3, 0.0098], [6, 0.3, 0.0072], [4, 0.6, 0.012], [3, 0.6, 0.00275], [5, 0.6, 0.0025], [3, 0.6, 0.01125], [2, 0.5, 0.054], [3, 0.5, 0.078], [4, 0.5, 0.026], [2, 0.5, 0.044], [3, 0.5, 0.07], [0, 0.5, 0.16]]
False:[[2, 0.5, 0.02], [3, 0.5, 0.027], [4, 0.5, 0.022], [2, 0.5, 0.029], [3, 0.5, 0.035], [4, 0.5, 0.017], [6, 0.3, 0.0042], [5, 0.3, 0.0068], [6, 0.3, 0.0046], [4, 0.6, 0.00275], [4, 0.6, 0.006], [5, 0.6, 0.0085], [3, 0.5, 0.028], [3, 0.5, 0.062], [3, 0.5, 0.098], [4, 0.5, 0.062], [4, 0.5, 0.034], [0, 0.5, 0.24], [-1, 0.5, 0.21], [-1, 0.5, 0.17]]
False:[[2, 0.5, 0.024], [4, 0.5, 0.037], [2, 0.5, 0.049], [2, 0.5, 0.047], [4, 0.5, 0.021], [3, 0.5, 0.023], [3, 0.5, 0.016], [3, 0.5, 0.02], [3, 0.5, 0.043], [6, 0.3, 0.0064], [5, 0.3, 0.0054], [6, 0.3, 0.003], [4, 0.3, 0.0056], [6, 0.3, 0.0088], [4, 0.6, 0.01175], [4, 0.6, 0.0105], [4, 0.6, 0.0065], [5, 0.6, 0.006], [5, 0.6, 0.0065], [5, 0.6, 0.0075], [2, 0.5, 0.026], [3, 0.5, 0.096], [2, 0.5, 0.088], [3, 0.5, 0.026], [2, 0.5, 0.056], [2, 0.5, 0.082], [3, 0.5, 0.038], [3, 0.5, 0.036], [3, 0.5, 0.028], [4, 0.5, 0.042], [4, 0.5, 0.024], [0, 0.5, 0.18], [0, 0.5, 0.17], [-1, 0.5, 0.14], [0, 0.5, 0.28], [0, 0.5, 0.23], [0, 0.5, 0.3], [-1, 0.5, 0.24], [0, 0.5, 0.26], [0, 0.5, 0.27], [0, 0.5, 0.26], [-1, 0.5, 0.19], [0, 0.5, 0.23], [-1, 0.5, 0.18], [0, 0.5, 0.16]]
False:[[3, 0.5, 0.021], [3, 0.5, 0.032], [2, 0.5, 0.029], [4, 0.5, 0.046], [4, 0.5, 0.012], [3, 0.5, 0.022], [2, 0.5, 0.027], [3, 0.5, 0.011], [3, 0.5, 0.019], [2, 0.5, 0.015], [2, 0.5, 0.04], [2, 0.5, 0.041], [4, 0.5, 0.013], [3, 0.5, 0.029], [2, 0.5, 0.041], [6, 0.3, 0.0048], [5, 0.3, 0.0036], [5, 0.3, 0.0098], [5, 0.3, 0.0072], [4, 0.3, 0.0028], [4, 0.3, 0.0084], [5, 0.3, 0.0088], [6, 0.3, 0.0024], [5, 0.3, 0.0086], [5, 0.6, 0.00525], [4, 0.6, 0.00925], [4, 0.6, 0.00625], [4, 0.6, 0.0085], [4, 0.6, 0.0075], [4, 0.6, 0.00275], [4, 0.6, 0.012], [4, 0.6, 0.01025], [4, 0.6, 0.012], [4, 0.6, 0.00475], [3, 0.5, 0.094], [2, 0.5, 0.062], [2, 0.5, 0.068], [3, 0.5, 0.092], [4, 0.5, 0.054], [4, 0.5, 0.09], [2, 0.5, 0.082], [3, 0.5, 0.046], [4, 0.5, 0.036], [2, 0.5, 0.056], [4, 0.5, 0.042], [3, 0.5, 0.052], [4, 0.5, 0.09], [3, 0.5, 0.094], [0, 0.5, 0.28], [-1, 0.5, 0.1], [0, 0.5, 0.25]]
False:[[4, 0.5, 0.03], [4, 0.5, 0.025], [3, 0.5, 0.017], [3, 0.5, 0.041], [2, 0.5, 0.03], [2, 0.5, 0.037], [5, 0.3, 0.0036], [4, 0.3, 0.0064], [6, 0.3, 0.0078], [4, 0.3, 0.0038], [4, 0.6, 0.00325], [3, 0.6, 0.0085], [4, 0.6, 0.00825], [4, 0.6, 0.003], [3, 0.6, 0.008], [5, 0.6, 0.00275], [3, 0.5, 0.044], [3, 0.5, 0.066], [2, 0.5, 0.086], [3, 0.5, 0.082], [3, 0.5, 0.044], [3, 0.5, 0.094], [0, 0.5, 0.15]]
False:[[3, 0.5, 0.048], [3, 0.5, 0.013], [3, 0.5, 0.013], [3, 0.5, 0.046], [4, 0.5, 0.015], [2, 0.5, 0.04], [3, 0.5, 0.05], [3, 0.5, 0.02], [3, 0.5, 0.029], [4, 0.5, 0.019], [2, 0.5, 0.026], [5, 0.3, 0.0046], [4, 0.3, 0.0092], [6, 0.3, 0.0026], [5, 0.3, 0.0056], [5, 0.3, 0.0044], [5, 0.3, 0.006], [6, 0.3, 0.0026], [3, 0.6, 0.01025], [5, 0.6, 0.00925], [5, 0.6, 0.0065], [3, 0.6, 0.00375], [5, 0.6, 0.008], [4, 0.6, 0.01025], [4, 0.6, 0.007], [5, 0.6, 0.0045], [4, 0.5, 0.028], [3, 0.5, 0.032], [4, 0.5, 0.024], [4, 0.5, 0.022], [3, 0.5, 0.066], [2, 0.5, 0.074], [3, 0.5, 0.03], [2, 0.5, 0.08], [2, 0.5, 0.086], [3, 0.5, 0.022], [2, 0.5, 0.078], [3, 0.5, 0.032], [0, 0.5, 0.18], [0, 0.5, 0.12], [-1, 0.5, 0.13], [-1, 0.5, 0.19]]
False:[[4, 0.5, 0.033], [4, 0.5, 0.043], [4, 0.5, 0.014], [4, 0.5, 0.022], [4, 0.5, 0.015], [4, 0.5, 0.025], [4, 0.5, 0.048], [2, 0.5, 0.037], [4, 0.5, 0.027], [3, 0.5, 0.042], [4, 0.5, 0.019], [2, 0.5, 0.012], [3, 0.5, 0.038], [4, 0.3, 0.0026], [6, 0.3, 0.0086], [5, 0.3, 0.0054], [6, 0.3, 0.009], [5, 0.3, 0.0042], [5, 0.3, 0.0054], [4, 0.3, 0.0082], [5, 0.3, 0.0068], [5, 0.3, 0.0098], [6, 0.3, 0.0054], [5, 0.6, 0.00325], [5, 0.6, 0.0125], [5, 0.6, 0.01], [4, 0.6, 0.00625], [5, 0.6, 0.0025], [4, 0.6, 0.00575], [4, 0.6, 0.01], [3, 0.6, 0.01175], [3, 0.6, 0.0125], [3, 0.6, 0.0045], [5, 0.6, 0.008], [4, 0.5, 0.076], [3, 0.5, 0.026], [4, 0.5, 0.066], [2, 0.5, 0.06], [4, 0.5, 0.02], [2, 0.5, 0.038], [3, 0.5, 0.088], [2, 0.5, 0.056], [4, 0.5, 0.088], [4, 0.5, 0.086], [3, 0.5, 0.092], [3, 0.5, 0.044], [2, 0.5, 0.024], [2, 0.5, 0.056], [0, 0.5, 0.15]]
False:[[2, 0.5, 0.019], [4, 0.5, 0.038], [2, 0.5, 0.037], [4, 0.5, 0.016], [4, 0.5, 0.028], [2, 0.5, 0.028], [3, 0.5, 0.026], [4, 0.5, 0.016], [6, 0.3, 0.0046], [4, 0.3, 0.002], [5, 0.3, 0.0054], [6, 0.3, 0.0096], [4, 0.3, 0.0078], [5, 0.6, 0.00325], [5, 0.6, 0.0085], [5, 0.6, 0.00975], [3, 0.6, 0.0035], [3, 0.6, 0.0115], [2, 0.5, 0.062], [4, 0.5, 0.04], [4, 0.5, 0.048], [2, 0.5, 0.044], [4, 0.5, 0.092], [4, 0.5, 0.03], [4, 0.5, 0.084], [0, 0.5, 0.28]]
False:[[2, 0.5, 0.011], [4, 0.5, 0.042], [2, 0.5, 0.038], [4, 0.5, 0.048], [3, 0.5, 0.03], [4, 0.3, 0.003], [6, 0.3, 0.006], [6, 0.3, 0.005], [5, 0.6, 0.0085], [5, 0.6, 0.00875], [4, 0.6, 0.0125], [4, 0.5, 0.1], [2, 0.5, 0.052], [4, 0.5, 0.03], [2, 0.5, 0.074], [3, 0.5, 0.068], [0, 0.5, 0.14]]
False:[[3, 0.5, 0.011], [3, 0.5, 0.017], [3, 0.5, 0.047], [3, 0.5, 0.015], [2, 0.5, 0.015], [6, 0.3, 0.0078], [4, 0.3, 0.0054], [5, 0.3, 0.0052], [4, 0.6, 0.01125], [5, 0.6, 0.01], [4, 0.6, 0.00975], [2, 0.5, 0.032], [2, 0.5, 0.056], [3, 0.5, 0.074], [3, 0.5, 0.082], [1, 0.5, 0.18]]
False:[[2, 0.5, 0.03], [3, 0.5, 0.023], [4, 0.5, 0.02], [2, 0.5, 0.041], [4, 0.5, 0.019], [5, 0.3, 0.0048], [5, 0.3, 0.0064], [4, 0.3, 0.0068], [4, 0.3, 0.003], [4, 0.6, 0.01225], [4, 0.6, 0.008], [5, 0.6, 0.00775], [3, 0.5, 0.092], [4, 0.5, 0.056], [4, 0.5, 0.028], [3, 0.5, 0.08], [0, 0.5, 0.13]]
False:[[4, 0.5, 0.046], [4, 0.5, 0.048], [4, 0.5, 0.019], [3, 0.5, 0.04], [3, 0.5, 0.012], [2, 0.5, 0.023], [2, 0.5, 0.045], [4, 0.5, 0.023], [2, 0.5, 0.017], [2, 0.5, 0.034], [4, 0.5, 0.019], [5, 0.3, 0.0024], [5, 0.3, 0.0026], [5, 0.3, 0.0022], [4, 0.3, 0.0028], [4, 0.3, 0.0062], [6, 0.3, 0.0078], [4, 0.3, 0.0074], [5, 0.3, 0.0082], [5, 0.6, 0.01125], [3, 0.6, 0.0045], [5, 0.6, 0.01175], [4, 0.6, 0.01225], [5, 0.6, 0.00825], [5, 0.6, 0.01175], [4, 0.6, 0.00675], [4, 0.5, 0.036], [2, 0.5, 0.032], [3, 0.5, 0.048], [4, 0.5, 0.092], [4, 0.5, 0.044], [2, 0.5, 0.042], [2, 0.5, 0.076], [4, 0.5, 0.062], [3, 0.5, 0.08], [2, 0.5, 0.068], [4, 0.5, 0.054], [3, 0.5, 0.028], [0, 0.5, 0.12]]
False:[[4, 0.5, 0.031], [3, 0.5, 0.042], [4, 0.5, 0.013], [2, 0.5, 0.033], [2, 0.5, 0.019], [4, 0.5, 0.044], [2, 0.5, 0.02], [3, 0.5, 0.022], [2, 0.5, 0.03], [2, 0.5, 0.021], [4, 0.5, 0.044], [4, 0.3, 0.0064], [4, 0.3, 0.0032], [5, 0.3, 0.007], [5, 0.3, 0.009], [4, 0.3, 0.008], [6, 0.3, 0.003], [4, 0.6, 0.00525], [3, 0.6, 0.012], [3, 0.6, 0.00725], [5, 0.6, 0.00675], [3, 0.6, 0.01075], [3, 0.6, 0.00475], [5, 0.6, 0.0025], [4, 0.6, 0.009], [2, 0.5, 0.048], [2, 0.5, 0.066], [2, 0.5, 0.052], [3, 0.5, 0.072], [2, 0.5, 0.054], [2, 0.5, 0.1], [4, 0.5, 0.026], [4, 0.5, 0.06], [4, 0.5, 0.052], [3, 0.5, 0.058], [4, 0.5, 0.08], [4, 0.5, 0.034], [-1, 0.5, 0.19], [-1, 0.5, 0.11], [-1, 0.5, 0.11], [-1, 0.5, 0.1]]
False:[[2, 0.5, 0.018], [4, 0.5, 0.03], [3, 0.5, 0.014], [2, 0.5, 0.011], [2, 0.5, 0.021], [2, 0.5, 0.033], [3, 0.5, 0.031], [4, 0.5, 0.01], [2, 0.5, 0.04], [3, 0.5, 0.017], [4, 0.5, 0.023], [2, 0.5, 0.013], [2, 0.5, 0.018], [2, 0.5, 0.021], [2, 0.5, 0.028], [4, 0.5, 0.039], [4, 0.3, 0.0092], [6, 0.3, 0.0052], [6, 0.3, 0.0064], [5, 0.3, 0.0064], [6, 0.3, 0.0084], [6, 0.3, 0.0042], [4, 0.3, 0.0096], [6, 0.3, 0.0038], [4, 0.6, 0.0115], [5, 0.6, 0.011], [3, 0.6, 0.01225], [3, 0.6, 0.0075], [5, 0.6, 0.01225], [4, 0.6, 0.006], [4, 0.6, 0.0075], [4, 0.6, 0.01225], [4, 0.6, 0.0115], [5, 0.6, 0.006], [3, 0.5, 0.052], [4, 0.5, 0.06], [3, 0.5, 0.066], [2, 0.5, 0.066], [4, 0.5, 0.092], [3, 0.5, 0.034], [2, 0.5, 0.09], [4, 0.5, 0.096], [4, 0.5, 0.044], [4, 0.5, 0.094], [2, 0.5, 0.046], [2, 0.5, 0.1], [3, 0.5, 0.068], [0, 0.5, 0.15]]
False:[[3, 0.5, 0.013], [4, 0.5, 0.02], [4, 0.5, 0.014], [2, 0.5, 0.04], [3, 0.5, 0.042], [4, 0.3, 0.0054], [4, 0.3, 0.0046], [5, 0.3, 0.0026], [6, 0.3, 0.0068], [3, 0.6, 0.0025], [5, 0.6, 0.00925], [5, 0.6, 0.00325], [2, 0.5, 0.086], [3, 0.5, 0.098], [3, 0.5, 0.092], [3, 0.5, 0.096], [3, 0.5, 0.088], [3, 0.5, 0.066], [-1, 0.5, 0.28], [0, 0.5, 0.21]]
False:[[2, 0.5, 0.03], [2, 0.5, 0.026], [4, 0.5, 0.031], [2, 0.5, 0.022], [4, 0.5, 0.041], [2, 0.5, 0.037], [2, 0.5, 0.016], [4, 0.5, 0.015], [3, 0.5, 0.029], [3, 0.5, 0.018], [2, 0.5, 0.017], [4, 0.5, 0.036], [2, 0.5, 0.048], [4, 0.5, 0.034], [4, 0.5, 0.05], [4, 0.5, 0.045], [4, 0.3, 0.008], [5, 0.3, 0.0076], [6, 0.3, 0.0026], [4, 0.3, 0.0084], [4, 0.3, 0.0088], [5, 0.3, 0.0026], [4, 0.3, 0.0034], [6, 0.3, 0.003], [4, 0.3, 0.0032], [5, 0.3, 0.0078], [5, 0.6, 0.005], [3, 0.6, 0.0045], [4, 0.6, 0.008], [3, 0.6, 0.00325], [4, 0.6, 0.00975], [3, 0.6, 0.009], [3, 0.6, 0.00775], [3, 0.6, 0.0095], [5, 0.6, 0.00525], [5, 0.6, 0.00925], [4, 0.6, 0.012], [2, 0.5, 0.094], [4, 0.5, 0.072], [4, 0.5, 0.038], [4, 0.5, 0.036], [4, 0.5, 0.022], [2, 0.5, 0.03], [2, 0.5, 0.09], [2, 0.5, 0.026], [2, 0.5, 0.052], [4, 0.5, 0.064], [2, 0.5, 0.036], [4, 0.5, 0.098], [3, 0.5, 0.042], [2, 0.5, 0.096], [3, 0.5, 0.072], [2, 0.5, 0.028], [3, 0.5, 0.024], [0, 0.5, 0.26], [0, 0.5, 0.2], [-1, 0.5, 0.25], [-1, 0.5, 0.17]]
False:[[4, 0.5, 0.047], [4, 0.5, 0.04], [4, 0.5, 0.022], [3, 0.5, 0.027], [2, 0.5, 0.035], [4, 0.5, 0.041], [2, 0.5, 0.01], [3, 0.5, 0.021], [2, 0.5, 0.024], [3, 0.5, 0.027], [3, 0.5, 0.023], [5, 0.3, 0.0038], [6, 0.3, 0.0086], [4, 0.3, 0.0092], [5, 0.3, 0.0094], [5, 0.3, 0.003], [4, 0.3, 0.0088], [4, 0.3, 0.0022], [5, 0.6, 0.00975], [4, 0.6, 0.00775], [3, 0.6, 0.00525], [3, 0.6, 0.0095], [5, 0.6, 0.00725], [3, 0.6, 0.01125], [3, 0.6, 0.009], [4, 0.6, 0.01225], [3, 0.6, 0.00825], [3, 0.5, 0.05], [3, 0.5, 0.058], [2, 0.5, 0.064], [4, 0.5, 0.022], [4, 0.5, 0.046], [4, 0.5, 0.05], [3, 0.5, 0.064], [4, 0.5, 0.076], [2, 0.5, 0.05], [2, 0.5, 0.042], [2, 0.5, 0.054], [1, 0.5, 0.29]]
False:[[2, 0.5, 0.033], [4, 0.5, 0.032], [4, 0.5, 0.015], [4, 0.5, 0.02], [2, 0.5, 0.029], [4, 0.5, 0.032], [6, 0.3, 0.01], [5, 0.3, 0.007], [4, 0.3, 0.0064], [5, 0.3, 0.0072], [4, 0.6, 0.01025], [4, 0.6, 0.0105], [5, 0.6, 0.0075], [4, 0.6, 0.005], [4, 0.5, 0.046], [4, 0.5, 0.048], [4, 0.5, 0.028], [3, 0.5, 0.024], [2, 0.5, 0.088], [2, 0.5, 0.038], [1, 0.5, 0.15]]
False:[[2, 0.5, 0.015], [4, 0.5, 0.046], [2, 0.5, 0.047], [4, 0.5, 0.027], [4, 0.5, 0.044], [3, 0.5, 0.043], [4, 0.5, 0.011], [2, 0.5, 0.01], [3, 0.5, 0.014], [4, 0.5, 0.031], [3, 0.5, 0.03], [3, 0.5, 0.039], [2, 0.5, 0.028], [4, 0.5, 0.012], [5, 0.3, 0.009], [6, 0.3, 0.0084], [6, 0.3, 0.0068], [5, 0.3, 0.009], [4, 0.3, 0.0074], [5, 0.3, 0.009], [4, 0.3, 0.0076], [5, 0.3, 0.0034], [5, 0.6, 0.0065], [4, 0.6, 0.0095], [3, 0.6, 0.00875], [5, 0.6, 0.01025], [3, 0.6, 0.00475], [5, 0.6, 0.0065], [4, 0.6, 0.0105], [5, 0.6, 0.0025], [3, 0.6, 0.00825], [4, 0.6, 0.005], [5, 0.6, 0.006], [4, 0.5, 0.042], [2, 0.5, 0.026], [2, 0.5, 0.026], [2, 0.5, 0.028], [4, 0.5, 0.1], [4, 0.5, 0.06], [3, 0.5, 0.092], [4, 0.5, 0.058], [4, 0.5, 0.024], [2, 0.5, 0.046], [2, 0.5, 0.036], [2, 0.5, 0.052], [4, 0.5, 0.068], [3, 0.5, 0.054], [0, 0.5, 0.21], [0, 0.5, 0.14], [-1, 0.5, 0.16], [0, 0.5, 0.18], [-1, 0.5, 0.22], [-1, 0.5, 0.17]]
False:[[4, 0.5, 0.029], [4, 0.5, 0.01], [3, 0.5, 0.028], [4, 0.5, 0.048], [3, 0.5, 0.032], [4, 0.5, 0.018], [3, 0.5, 0.04], [3, 0.5, 0.03], [4, 0.5, 0.013], [6, 0.3, 0.0082], [4, 0.3, 0.0028], [4, 0.3, 0.007], [6, 0.3, 0.0034], [4, 0.3, 0.0028], [5, 0.3, 0.0098], [5, 0.6, 0.01075], [3, 0.6, 0.0115], [4, 0.6, 0.0055], [3, 0.6, 0.0105], [4, 0.6, 0.0055], [3, 0.6, 0.0105], [4, 0.6, 0.01225], [3, 0.6, 0.00875], [3, 0.5, 0.084], [4, 0.5, 0.098], [4, 0.5, 0.054], [2, 0.5, 0.044], [3, 0.5, 0.064], [4, 0.5, 0.1], [3, 0.5, 0.07], [3, 0.5, 0.048], [3, 0.5, 0.044], [4, 0.5, 0.064], [-1, 0.5, 0.18]]
False:[[2, 0.5, 0.02], [2, 0.5, 0.031], [4, 0.5, 0.02], [4, 0.5, 0.044], [3, 0.5, 0.044], [4, 0.3, 0.0022], [4, 0.3, 0.002], [5, 0.3, 0.0066], [6, 0.3, 0.0056], [4, 0.6, 0.00525], [5, 0.6, 0.0075], [5, 0.6, 0.008], [4, 0.5, 0.078], [3, 0.5, 0.054], [4, 0.5, 0.024], [2, 0.5, 0.036], [2, 0.5, 0.078], [-1, 0.5, 0.19]]
False:[[4, 0.5, 0.012], [4, 0.5, 0.024], [4, 0.5, 0.038], [4, 0.5, 0.042], [2, 0.5, 0.022], [2, 0.5, 0.03], [4, 0.3, 0.0058], [6, 0.3, 0.0038], [5, 0.3, 0.006], [6, 0.3, 0.003], [3, 0.6, 0.006], [3, 0.6, 0.007], [4, 0.6, 0.00575], [4, 0.6, 0.006], [3, 0.6, 0.00325], [4, 0.5, 0.058], [4, 0.5, 0.068], [4, 0.5, 0.042], [4, 0.5, 0.022], [4, 0.5, 0.066], [4, 0.5, 0.078], [-1, 0.5, 0.18], [-1, 0.5, 0.23], [0, 0.5, 0.19]]
False:[[2, 0.5, 0.028], [2, 0.5, 0.016], [2, 0.5, 0.025], [3, 0.5, 0.027], [3, 0.5, 0.049], [3, 0.5, 0.034], [2, 0.5, 0.01], [5, 0.3, 0.0094], [4, 0.3, 0.0034], [4, 0.3, 0.0064], [4, 0.3, 0.0096], [4, 0.3, 0.0036], [5, 0.6, 0.0095], [3, 0.6, 0.00475], [4, 0.6, 0.00725], [4, 0.6, 0.007], [3, 0.5, 0.038], [3, 0.5, 0.096], [2, 0.5, 0.082], [2, 0.5, 0.098], [3, 0.5, 0.044], [4, 0.5, 0.08], [2, 0.5, 0.026], [-1, 0.5, 0.17], [0, 0.5, 0.23]]
False:[[2, 0.5, 0.038], [2, 0.5, 0.022], [4, 0.5, 0.043], [3, 0.5, 0.044], [4, 0.5, 0.031], [4, 0.5, 0.043], [3, 0.5, 0.038], [2, 0.5, 0.033], [4, 0.5, 0.033], [4, 0.5, 0.042], [4, 0.3, 0.0098], [4, 0.3, 0.0094], [4, 0.3, 0.0054], [4, 0.3, 0.0032], [4, 0.3, 0.0042], [4, 0.3, 0.0086], [5, 0.3, 0.0024], [6, 0.3, 0.0046], [5, 0.6, 0.003], [3, 0.6, 0.00475], [3, 0.6, 0.009], [4, 0.6, 0.01125], [3, 0.6, 0.0125], [5, 0.6, 0.0095], [3, 0.6, 0.011], [4, 0.6, 0.0055], [2, 0.5, 0.03], [2, 0.5, 0.034], [4, 0.5, 0.072], [2, 0.5, 0.052], [4, 0.5, 0.022], [2, 0.5, 0.074], [2, 0.5, 0.094], [3, 0.5, 0.024], [4, 0.5, 0.052], [2, 0.5, 0.074], [3, 0.5, 0.046], [4, 0.5, 0.074], [-1, 0.5, 0.28], [0, 0.5, 0.26]]
False:[[3, 0.5, 0.024], [4, 0.5, 0.042], [4, 0.5, 0.029], [4, 0.5, 0.04], [3, 0.5, 0.05], [4, 0.3, 0.0058], [4, 0.3, 0.0036], [6, 0.3, 0.0056], [4, 0.3, 0.0078], [5, 0.6, 0.00725], [3, 0.6, 0.006], [3, 0.6, 0.00975], [5, 0.6, 0.009], [2, 0.5, 0.098], [4, 0.5, 0.058], [3, 0.5, 0.038], [3, 0.5, 0.054], [2, 0.5, 0.02], [0, 0.5, 0.16]]
False:[[3, 0.5, 0.012], [2, 0.5, 0.018], [2, 0.5, 0.034], [4, 0.5, 0.041], [4, 0.5, 0.023], [2, 0.5, 0.034], [2, 0.5, 0.02], [3, 0.5, 0.015], [3, 0.5, 0.012], [2, 0.5, 0.034], [5, 0.3, 0.0022], [4, 0.3, 0.0022], [5, 0.3, 0.005], [5, 0.3, 0.006], [5, 0.3, 0.008], [6, 0.3, 0.0076], [3, 0.6, 0.00475], [4, 0.6, 0.0095], [5, 0.6, 0.0115], [5, 0.6, 0.00525], [5, 0.6, 0.0085], [4, 0.6, 0.01], [4, 0.5, 0.064], [4, 0.5, 0.082], [4, 0.5, 0.044], [4, 0.5, 0.056], [3, 0.5, 0.03], [4, 0.5, 0.064], [4, 0.5, 0.054], [-1, 0.5, 0.17]]
False:[[4, 0.5, 0.027], [3, 0.5, 0.014], [3, 0.5, 0.048], [4, 0.5, 0.01], [3, 0.5, 0.041], [4, 0.5, 0.029], [4, 0.5, 0.032], [4, 0.5, 0.044], [3, 0.5, 0.042], [6, 0.3, 0.0056], [4, 0.3, 0.0042], [5, 0.3, 0.0034], [4, 0.3, 0.0074], [5, 0.3, 0.0082], [6, 0.3, 0.0068], [5, 0.3, 0.0056], [4, 0.6, 0.0045], [4, 0.6, 0.0045], [3, 0.6, 0.01075], [5, 0.6, 0.00275], [5, 0.6, 0.0065], [4, 0.6, 0.00925], [4, 0.6, 0.009], [4, 0.6, 0.00875], [2, 0.5, 0.048], [3, 0.5, 0.046], [3, 0.5, 0.098], [2, 0.5, 0.094], [4, 0.5, 0.044], [4, 0.5, 0.09], [3, 0.5, 0.088], [2, 0.5, 0.048], [4, 0.5, 0.032], [2, 0.5, 0.078], [4, 0.5, 0.076], [0, 0.5, 0.25]]
False:[[2, 0.5, 0.025], [4, 0.5, 0.011], [3, 0.5, 0.025], [3, 0.5, 0.01], [3, 0.5, 0.043], [3, 0.5, 0.02], [3, 0.5, 0.041], [3, 0.5, 0.026], [3, 0.5, 0.01], [4, 0.5, 0.042], [2, 0.5, 0.022], [3, 0.5, 0.024], [3, 0.5, 0.023], [4, 0.5, 0.024], [3, 0.5, 0.048], [6, 0.3, 0.0072], [4, 0.3, 0.0034], [4, 0.3, 0.01], [5, 0.3, 0.003], [6, 0.3, 0.002], [4, 0.3, 0.009], [4, 0.3, 0.0078], [4, 0.3, 0.007], [6, 0.3, 0.0024], [5, 0.3, 0.0084], [4, 0.6, 0.003], [4, 0.6, 0.012], [4, 0.6, 0.00625], [5, 0.6, 0.009], [4, 0.6, 0.00575], [5, 0.6, 0.009], [3, 0.6, 0.01025], [5, 0.6, 0.00425], [3, 0.6, 0.012], [3, 0.6, 0.00325], [3, 0.6, 0.005], [2, 0.5, 0.042], [2, 0.5, 0.038], [2, 0.5, 0.034], [4, 0.5, 0.038], [4, 0.5, 0.038], [4, 0.5, 0.032], [2, 0.5, 0.048], [3, 0.5, 0.062], [4, 0.5, 0.032], [2, 0.5, 0.04], [3, 0.5, 0.086], [4, 0.5, 0.086], [2, 0.5, 0.04], [4, 0.5, 0.02], [4, 0.5, 0.036], [4, 0.5, 0.032], [0, 0.5, 0.19], [0, 0.5, 0.2], [0, 0.5, 0.29], [0, 0.5, 0.19], [-1, 0.5, 0.16], [-1, 0.5, 0.14], [-1, 0.5, 0.2], [0, 0.5, 0.17]]
False:[[4, 0.5, 0.04], [4, 0.5, 0.018], [2, 0.5, 0.033], [3, 0.5, 0.039], [3, 0.5, 0.013], [2, 0.5, 0.01], [4, 0.5, 0.048], [2, 0.5, 0.046], [4, 0.5, 0.048], [4, 0.5, 0.04], [2, 0.5, 0.036], [5, 0.3, 0.009], [4, 0.3, 0.01], [6, 0.3, 0.004], [5, 0.3, 0.0024], [4, 0.3, 0.004], [5, 0.3, 0.0062], [6, 0.3, 0.0036], [5, 0.6, 0.00325], [4, 0.6, 0.0085], [5, 0.6, 0.012], [5, 0.6, 0.00675], [5, 0.6, 0.00875], [4, 0.6, 0.0035], [5, 0.6, 0.00325], [3, 0.5, 0.052], [3, 0.5, 0.058], [2, 0.5, 0.062], [3, 0.5, 0.05], [2, 0.5, 0.086], [2, 0.5, 0.068], [2, 0.5, 0.028], [4, 0.5, 0.028], [3, 0.5, 0.096], [4, 0.5, 0.084], [3, 0.5, 0.096], [2, 0.5, 0.064], [2, 0.5, 0.084], [4, 0.5, 0.022], [0, 0.5, 0.13], [-1, 0.5, 0.26], [0, 0.5, 0.1], [0, 0.5, 0.14], [-1, 0.5, 0.11], [-1, 0.5, 0.27]]
False:[[3, 0.5, 0.022], [3, 0.5, 0.015], [2, 0.5, 0.018], [3, 0.5, 0.021], [2, 0.5, 0.039], [3, 0.5, 0.045], [3, 0.5, 0.012], [4, 0.5, 0.035], [4, 0.3, 0.0086], [6, 0.3, 0.0062], [5, 0.3, 0.0028], [5, 0.3, 0.0096], [3, 0.6, 0.00975], [4, 0.6, 0.0125], [5, 0.6, 0.01225], [4, 0.6, 0.00925], [4, 0.6, 0.00825], [3, 0.5, 0.082], [3, 0.5, 0.04], [4, 0.5, 0.058], [2, 0.5, 0.05], [2, 0.5, 0.058], [3, 0.5, 0.078], [0, 0.5, 0.26]]
False:[[4, 0.5, 0.019], [2, 0.5, 0.027], [2, 0.5, 0.013], [2, 0.5, 0.017], [2, 0.5, 0.026], [5, 0.3, 0.0066], [6, 0.3, 0.0092], [5, 0.6, 0.0105], [5, 0.6, 0.00375], [4, 0.6, 0.00425], [3, 0.5, 0.052], [3, 0.5, 0.098], [2, 0.5, 0.082], [2, 0.5, 0.038], [0, 0.5, 0.1]]
False:[[2, 0.5, 0.038], [4, 0.5, 0.047], [3, 0.5, 0.037], [2, 0.5, 0.025], [4, 0.5, 0.046], [4, 0.5, 0.018], [3, 0.5, 0.028], [5, 0.3, 0.006], [5, 0.3, 0.005], [5, 0.3, 0.0076], [6, 0.3, 0.006], [4, 0.6, 0.0055], [4, 0.6, 0.00575], [5, 0.6, 0.01125], [3, 0.6, 0.00575], [4, 0.6, 0.00775], [2, 0.5, 0.056], [4, 0.5, 0.044], [3, 0.5, 0.05], [2, 0.5, 0.082], [3, 0.5, 0.03], [2, 0.5, 0.054], [4, 0.5, 0.078], [2, 0.5, 0.084], [3, 0.5, 0.046], [-1, 0.5, 0.15], [0, 0.5, 0.18], [0, 0.5, 0.27], [-1, 0.5, 0.25], [0, 0.5, 0.17], [-1, 0.5, 0.3], [-1, 0.5, 0.11]]
False:[[2, 0.5, 0.047], [4, 0.5, 0.013], [4, 0.5, 0.032], [2, 0.5, 0.041], [4, 0.5, 0.042], [4, 0.5, 0.04], [4, 0.5, 0.046], [4, 0.5, 0.036], [4, 0.5, 0.031], [4, 0.5, 0.048], [4, 0.5, 0.026], [6, 0.3, 0.0044], [5, 0.3, 0.0068], [4, 0.3, 0.007], [5, 0.3, 0.0044], [6, 0.3, 0.007], [5, 0.3, 0.01], [4, 0.3, 0.0086], [4, 0.3, 0.0062], [4, 0.3, 0.0064], [5, 0.6, 0.0125], [5, 0.6, 0.007], [4, 0.6, 0.00875], [4, 0.6, 0.01075], [5, 0.6, 0.01075], [5, 0.6, 0.00675], [3, 0.6, 0.006], [5, 0.6, 0.0065], [3, 0.6, 0.004], [3, 0.5, 0.022], [4, 0.5, 0.064], [3, 0.5, 0.042], [2, 0.5, 0.03], [2, 0.5, 0.058], [4, 0.5, 0.044], [2, 0.5, 0.026], [4, 0.5, 0.06], [2, 0.5, 0.096], [3, 0.5, 0.046], [3, 0.5, 0.07], [4, 0.5, 0.088], [4, 0.5, 0.022], [1, 0.5, 0.13]]
False:[[4, 0.5, 0.045], [3, 0.5, 0.02], [3, 0.5, 0.033], [3, 0.5, 0.021], [4, 0.5, 0.021], [3, 0.5, 0.048], [2, 0.5, 0.024], [6, 0.3, 0.0064], [6, 0.3, 0.0062], [4, 0.3, 0.009], [5, 0.3, 0.0066], [6, 0.3, 0.0072], [5, 0.6, 0.0065], [4, 0.6, 0.0055], [3, 0.6, 0.01025], [5, 0.6, 0.00275], [4, 0.5, 0.074], [3, 0.5, 0.07], [3, 0.5, 0.034], [4, 0.5, 0.026], [4, 0.5, 0.07], [2, 0.5, 0.076], [2, 0.5, 0.078], [1, 0.5, 0.19]]
False:[[2, 0.5, 0.033], [4, 0.5, 0.042], [2, 0.5, 0.033], [3, 0.5, 0.034], [4, 0.5, 0.012], [3, 0.5, 0.043], [2, 0.5, 0.013], [3, 0.5, 0.011], [4, 0.5, 0.046], [4, 0.5, 0.043], [2, 0.5, 0.019], [3, 0.5, 0.03], [2, 0.5, 0.043], [4, 0.5, 0.042], [6, 0.3, 0.0086], [6, 0.3, 0.0082], [6, 0.3, 0.0058], [6, 0.3, 0.0094], [5, 0.3, 0.0066], [6, 0.3, 0.002], [4, 0.3, 0.01], [5, 0.6, 0.01225], [5, 0.6, 0.00275], [5, 0.6, 0.00575], [3, 0.6, 0.00525], [3, 0.6, 0.004], [5, 0.6, 0.01175], [3, 0.6, 0.005], [5, 0.6, 0.0065], [5, 0.6, 0.00325], [2, 0.5, 0.094], [4, 0.5, 0.088], [3, 0.5, 0.038], [3, 0.5, 0.052], [3, 0.5, 0.092], [3, 0.5, 0.038], [3, 0.5, 0.1], [2, 0.5, 0.08], [3, 0.5, 0.084], [4, 0.5, 0.064], [3, 0.5, 0.072], [2, 0.5, 0.082], [2, 0.5, 0.068], [3, 0.5, 0.038], [3, 0.5, 0.034], [0, 0.5, 0.2]]
False:[[3, 0.5, 0.032], [4, 0.5, 0.042], [3, 0.5, 0.043], [2, 0.5, 0.026], [4, 0.5, 0.039], [4, 0.5, 0.017], [4, 0.3, 0.0096], [5, 0.3, 0.0082], [6, 0.3, 0.0034], [4, 0.3, 0.005], [5, 0.6, 0.00975], [4, 0.6, 0.00775], [3, 0.6, 0.011], [5, 0.6, 0.00575], [4, 0.6, 0.01125], [2, 0.5, 0.072], [2, 0.5, 0.06], [4, 0.5, 0.024], [4, 0.5, 0.024], [2, 0.5, 0.082], [4, 0.5, 0.036], [-1, 0.5, 0.13]]
False:[[2, 0.5, 0.031], [2, 0.5, 0.032], [4, 0.5, 0.04], [2, 0.5, 0.013], [4, 0.5, 0.015], [4, 0.5, 0.043], [4, 0.5, 0.016], [2, 0.5, 0.027], [4, 0.3, 0.0082], [5, 0.3, 0.0054], [6, 0.3, 0.004], [4, 0.3, 0.0068], [4, 0.3, 0.0048], [4, 0.6, 0.01075], [3, 0.6, 0.00575], [3, 0.6, 0.0115], [4, 0.6, 0.01], [5, 0.6, 0.0045], [5, 0.6, 0.0025], [2, 0.5, 0.062], [3, 0.5, 0.036], [3, 0.5, 0.054], [4, 0.5, 0.074], [2, 0.5, 0.038], [4, 0.5, 0.072], [3, 0.5, 0.04], [3, 0.5, 0.054], [0, 0.5, 0.22], [-1, 0.5, 0.15], [0, 0.5, 0.26]]
False:[[2, 0.5, 0.013], [3, 0.5, 0.015], [2, 0.5, 0.015], [2, 0.5, 0.026], [4, 0.5, 0.038], [2, 0.5, 0.025], [4, 0.5, 0.02], [2, 0.5, 0.05], [2, 0.5, 0.046], [2, 0.5, 0.012], [4, 0.5, 0.014], [3, 0.5, 0.013], [3, 0.5, 0.033], [4, 0.5, 0.019], [5, 0.3, 0.0088], [5, 0.3, 0.0066], [5, 0.3, 0.0046], [6, 0.3, 0.008], [6, 0.3, 0.0094], [5, 0.3, 0.0046], [6, 0.3, 0.0084], [3, 0.6, 0.005], [4, 0.6, 0.005], [5, 0.6, 0.0075], [3, 0.6, 0.012], [4, 0.6, 0.01125], [4, 0.6, 0.00675], [5, 0.6, 0.00475], [5, 0.6, 0.00725], [4, 0.6, 0.00875], [3, 0.5, 0.024], [4, 0.5, 0.034], [4, 0.5, 0.082], [4, 0.5, 0.03], [2, 0.5, 0.092], [4, 0.5, 0.078], [3, 0.5, 0.072], [4, 0.5, 0.098], [2, 0.5, 0.084], [3, 0.5, 0.082], [3, 0.5, 0.07], [-1, 0.5, 0.27]]
True:[[4, 0.5, 0.025], [3, 0.5, 0.032], [2, 0.5, 0.032], [2, 0.5, 0.047], [3, 0.5, 0.05], [3, 0.5, 0.022], [4, 0.5, 0.04], [6, 0.3, 0.0074], [6, 0.3, 0.0078], [6, 0.3, 0.003], [6, 0.3, 0.0056], [3, 0.6, 0.0035], [3, 0.6, 0.00275], [5, 0.6, 0.004], [4, 0.6, 0.00975], [3, 0.6, 0.00825], [3, 0.5, 0.094], [4, 0.5, 0.022], [3, 0.5, 0.028], [3, 0.5, 0.068], [3, 0.5, 0.042], [4, 0.5, 0.076], [2, 0.5, 0.024], [3, 0.5, 0.072], [0, 0.5, 0.23], [0, 0.5, 0.26], [-1, 0.5, 0.3], [0, 0.5, 0.11], [0, 0.5, 0.2], [-1, 0.5, 0.14], [-1, 0.5, 0.25]]
False:[[4, 0.5, 0.022], [2, 0.5, 0.017], [2, 0.5, 0.045], [3, 0.5, 0.01], [4, 0.5, 0.016], [2, 0.5, 0.044], [3, 0.5, 0.018], [4, 0.5, 0.032], [6, 0.3, 0.01], [6, 0.3, 0.0032], [5, 0.3, 0.003], [4, 0.3, 0.0094], [4, 0.3, 0.0064], [5, 0.6, 0.00475], [3, 0.6, 0.009], [5, 0.6, 0.0085], [4, 0.6, 0.0105], [5, 0.6, 0.01025], [3, 0.6, 0.00925], [4, 0.5, 0.092], [3, 0.5, 0.058], [4, 0.5, 0.074], [3, 0.5, 0.026], [2, 0.5, 0.076], [2, 0.5, 0.024], [2, 0.5, 0.064], [2, 0.5, 0.036], [1, 0.5, 0.1]]
False:[[4, 0.5, 0.04], [2, 0.5, 0.023], [4, 0.5, 0.028], [4, 0.5, 0.031], [2, 0.5, 0.02], [3, 0.5, 0.018], [4, 0.5, 0.019], [2, 0.5, 0.038], [3, 0.5, 0.032], [2, 0.5, 0.026], [3, 0.5, 0.049], [3, 0.5, 0.05], [2, 0.5, 0.027], [2, 0.5, 0.042], [3, 0.5, 0.01], [2, 0.5, 0.035], [4, 0.3, 0.0096], [4, 0.3, 0.0048], [6, 0.3, 0.0062], [5, 0.3, 0.0094], [4, 0.3, 0.0022], [4, 0.3, 0.0022], [5, 0.3, 0.0086], [6, 0.3, 0.004], [5, 0.3, 0.0074], [5, 0.3, 0.004], [4, 0.6, 0.0045], [5, 0.6, 0.01075], [4, 0.6, 0.00275], [3, 0.6, 0.007], [5, 0.6, 0.00825], [3, 0.6, 0.00375], [3, 0.6, 0.00525], [4, 0.6, 0.0105], [4, 0.6, 0.01225], [4, 0.6, 0.0045], [3, 0.6, 0.0115], [3, 0.5, 0.066], [4, 0.5, 0.088], [4, 0.5, 0.072], [4, 0.5, 0.04], [2, 0.5, 0.066], [3, 0.5, 0.028], [2, 0.5, 0.058], [2, 0.5, 0.084], [3, 0.5, 0.066], [4, 0.5, 0.028], [3, 0.5, 0.066], [2, 0.5, 0.068], [2, 0.5, 0.096], [2, 0.5, 0.1], [4, 0.5, 0.068], [3, 0.5, 0.04], [0, 0.5, 0.21]]
False:[[2, 0.5, 0.015], [3, 0.5, 0.045], [4, 0.5, 0.021], [4, 0.5, 0.026], [4, 0.5, 0.026], [3, 0.5, 0.034], [2, 0.5, 0.028], [3, 0.5, 0.017], [3, 0.5, 0.037], [3, 0.5, 0.023], [4, 0.5, 0.02], [2, 0.5, 0.022], [3, 0.5, 0.017], [2, 0.5, 0.037], [4, 0.5, 0.025], [5, 0.3, 0.0086], [6, 0.3, 0.0044], [6, 0.3, 0.0062], [4, 0.3, 0.0096], [6, 0.3, 0.0094], [4, 0.3, 0.0048], [6, 0.3, 0.0058], [4, 0.3, 0.0074], [5, 0.6, 0.00875], [3, 0.6, 0.009], [5, 0.6, 0.006], [4, 0.6, 0.007], [5, 0.6, 0.01075], [4, 0.6, 0.00475], [3, 0.6, 0.0045], [5, 0.6, 0.00775], [5, 0.6, 0.012], [5, 0.6, 0.00375], [2, 0.5, 0.048], [4, 0.5, 0.034], [3, 0.5, 0.078], [4, 0.5, 0.09], [4, 0.5, 0.082], [2, 0.5, 0.096], [4, 0.5, 0.078], [3, 0.5, 0.092], [2, 0.5, 0.024], [4, 0.5, 0.038], [3, 0.5, 0.084], [3, 0.5, 0.05], [2, 0.5, 0.082], [2, 0.5, 0.052], [4, 0.5, 0.056], [2, 0.5, 0.088], [-1, 0.5, 0.24], [0, 0.5, 0.16], [-1, 0.5, 0.17], [-1, 0.5, 0.3]]
False:[[2, 0.5, 0.025], [4, 0.5, 0.041], [3, 0.5, 0.038], [3, 0.5, 0.016], [4, 0.5, 0.042], [2, 0.5, 0.025], [3, 0.5, 0.032], [2, 0.5, 0.048], [4, 0.5, 0.026], [2, 0.5, 0.03], [2, 0.5, 0.033], [4, 0.5, 0.037], [3, 0.5, 0.032], [4, 0.5, 0.034], [4, 0.5, 0.049], [5, 0.3, 0.0082], [6, 0.3, 0.0082], [4, 0.3, 0.0084], [6, 0.3, 0.0078], [6, 0.3, 0.005], [6, 0.3, 0.0062], [4, 0.3, 0.01], [6, 0.3, 0.0094], [6, 0.3, 0.0062], [3, 0.6, 0.011], [5, 0.6, 0.01025], [5, 0.6, 0.00675], [3, 0.6, 0.0085], [4, 0.6, 0.007], [3, 0.6, 0.003], [4, 0.6, 0.00275], [5, 0.6, 0.0085], [4, 0.6, 0.012], [4, 0.6, 0.011], [3, 0.6, 0.00475], [3, 0.5, 0.02], [3, 0.5, 0.058], [2, 0.5, 0.04], [2, 0.5, 0.08], [2, 0.5, 0.076], [4, 0.5, 0.04], [4, 0.5, 0.07], [3, 0.5, 0.062], [4, 0.5, 0.02], [3, 0.5, 0.096], [4, 0.5, 0.048], [4, 0.5, 0.048], [4, 0.5, 0.052], [2, 0.5, 0.074], [2, 0.5, 0.082], [4, 0.5, 0.032], [-1, 0.5, 0.27], [0, 0.5, 0.17], [-1, 0.5, 0.25], [0, 0.5, 0.29]]
False:[[4, 0.5, 0.02], [4, 0.5, 0.048], [2, 0.5, 0.024], [4, 0.5, 0.046], [3, 0.5, 0.015], [5, 0.3, 0.0034], [4, 0.3, 0.0074], [6, 0.3, 0.006], [6, 0.3, 0.01], [5, 0.6, 0.0055], [4, 0.6, 0.003], [3, 0.6, 0.004], [3, 0.6, 0.00625], [2, 0.5, 0.04], [2, 0.5, 0.042], [4, 0.5, 0.088], [3, 0.5, 0.08], [4, 0.5, 0.086], [3, 0.5, 0.08], [2, 0.5, 0.06], [-1, 0.5, 0.14]]
False:[[3, 0.5, 0.011], [2, 0.5, 0.012], [3, 0.5, 0.042], [4, 0.5, 0.043], [4, 0.5, 0.02], [3, 0.5, 0.023], [4, 0.5, 0.02], [4, 0.5, 0.039], [4, 0.3, 0.0044], [4, 0.3, 0.0098], [4, 0.3, 0.0076], [5, 0.3, 0.0058], [4, 0.3, 0.0042], [4, 0.3, 0.0072], [6, 0.3, 0.007], [5, 0.6, 0.00775], [3, 0.6, 0.007], [5, 0.6, 0.006], [5, 0.6, 0.00875], [4, 0.6, 0.0115], [3, 0.6, 0.0025], [3, 0.5, 0.09], [2, 0.5, 0.1], [4, 0.5, 0.094], [3, 0.5, 0.052], [4, 0.5, 0.026], [3, 0.5, 0.088], [3, 0.5, 0.1], [4, 0.5, 0.032], [2, 0.5, 0.05], [4, 0.5, 0.076], [0, 0.5, 0.19], [-1, 0.5, 0.27], [-1, 0.5, 0.26], [-1, 0.5, 0.26], [-1, 0.5, 0.16]]
False:[[2, 0.5, 0.021], [2, 0.5, 0.035], [2, 0.5, 0.033], [4, 0.5, 0.015], [2, 0.5, 0.034], [4, 0.5, 0.019], [4, 0.5, 0.049], [3, 0.5, 0.021], [2, 0.5, 0.031], [3, 0.5, 0.034], [2, 0.5, 0.016], [5, 0.3, 0.004], [5, 0.3, 0.0044], [4, 0.3, 0.0042], [6, 0.3, 0.009], [4, 0.3, 0.0034], [6, 0.3, 0.006], [5, 0.6, 0.01075], [3, 0.6, 0.006], [5, 0.6, 0.01], [3, 0.6, 0.00375], [5, 0.6, 0.01025], [3, 0.6, 0.00425], [5, 0.6, 0.007], [5, 0.6, 0.01025], [3, 0.5, 0.046], [4, 0.5, 0.088], [3, 0.5, 0.036], [2, 0.5, 0.082], [3, 0.5, 0.026], [2, 0.5, 0.074], [2, 0.5, 0.074], [3, 0.5, 0.032], [3, 0.5, 0.09], [2, 0.5, 0.052], [3, 0.5, 0.062], [0, 0.5, 0.19], [0, 0.5, 0.12], [0, 0.5, 0.14], [0, 0.5, 0.14], [0, 0.5, 0.12], [-1, 0.5, 0.1], [-1, 0.5, 0.18]]
False:[[3, 0.5, 0.022], [3, 0.5, 0.034], [3, 0.5, 0.045], [2, 0.5, 0.046], [4, 0.5, 0.022], [5, 0.3, 0.0098], [6, 0.3, 0.0034], [6, 0.3, 0.0056], [5, 0.6, 0.00325], [4, 0.6, 0.012], [3, 0.6, 0.01075], [4, 0.6, 0.00975], [4, 0.5, 0.028], [4, 0.5, 0.1], [2, 0.5, 0.038], [4, 0.5, 0.096], [3, 0.5, 0.02], [-1, 0.5, 0.1]]
False:[[2, 0.5, 0.011], [4, 0.5, 0.017], [4, 0.5, 0.03], [2, 0.5, 0.031], [2, 0.5, 0.049], [3, 0.5, 0.045], [4, 0.5, 0.021], [4, 0.3, 0.0026], [4, 0.3, 0.0062], [6, 0.3, 0.0098], [5, 0.3, 0.0026], [3, 0.6, 0.0075], [3, 0.6, 0.00975], [5, 0.6, 0.00275], [3, 0.6, 0.0025], [3, 0.6, 0.0025], [4, 0.5, 0.024], [4, 0.5, 0.098], [3, 0.5, 0.092], [4, 0.5, 0.092], [1, 0.5, 0.1]]
False:[[4, 0.5, 0.025], [2, 0.5, 0.038], [4, 0.5, 0.031], [4, 0.5, 0.041], [2, 0.5, 0.028], [4, 0.5, 0.016], [2, 0.5, 0.021], [4, 0.5, 0.024], [4, 0.5, 0.014], [3, 0.5, 0.02], [3, 0.5, 0.035], [2, 0.5, 0.025], [4, 0.5, 0.041], [4, 0.5, 0.036], [4, 0.3, 0.0058], [5, 0.3, 0.006], [5, 0.3, 0.002], [4, 0.3, 0.0042], [6, 0.3, 0.007], [6, 0.3, 0.0022], [4, 0.3, 0.0078], [4, 0.3, 0.0056], [5, 0.3, 0.0072], [3, 0.6, 0.0065], [3, 0.6, 0.00275], [4, 0.6, 0.0035], [4, 0.6, 0.01025], [4, 0.6, 0.007], [3, 0.6, 0.01225], [5, 0.6, 0.00475], [5, 0.6, 0.003], [4, 0.6, 0.012], [4, 0.6, 0.005], [4, 0.6, 0.00525], [3, 0.5, 0.044], [2, 0.5, 0.09], [4, 0.5, 0.04], [3, 0.5, 0.046], [3, 0.5, 0.032], [2, 0.5, 0.066], [4, 0.5, 0.084], [3, 0.5, 0.098], [4, 0.5, 0.086], [3, 0.5, 0.098], [3, 0.5, 0.086], [3, 0.5, 0.04], [4, 0.5, 0.04], [0, 0.5, 0.22]]
False:[[3, 0.5, 0.042], [4, 0.5, 0.034], [2, 0.5, 0.035], [4, 0.5, 0.035], [2, 0.5, 0.036], [2, 0.5, 0.016], [4, 0.5, 0.035], [3, 0.5, 0.04], [4, 0.5, 0.013], [2, 0.5, 0.035], [4, 0.5, 0.042], [4, 0.3, 0.0076], [5, 0.3, 0.0042], [4, 0.3, 0.01], [4, 0.3, 0.0028], [5, 0.3, 0.0074], [4, 0.3, 0.006], [5, 0.3, 0.0096], [5, 0.3, 0.008], [4, 0.6, 0.00775], [3, 0.6, 0.003], [3, 0.6, 0.005], [4, 0.6, 0.00325], [3, 0.6, 0.01075], [3, 0.6, 0.00875], [5, 0.6, 0.00425], [4, 0.6, 0.00875], [3, 0.6, 0.00975], [4, 0.6, 0.0025], [3, 0.5, 0.02], [2, 0.5, 0.052], [4, 0.5, 0.046], [2, 0.5, 0.02], [3, 0.5, 0.04], [4, 0.5, 0.028], [3, 0.5, 0.064], [4, 0.5, 0.056], [2, 0.5, 0.042], [4, 0.5, 0.1], [0, 0.5, 0.15]]
False:[[4, 0.5, 0.047], [4, 0.5, 0.024], [3, 0.5, 0.028], [3, 0.5, 0.031], [2, 0.5, 0.047], [3, 0.5, 0.017], [3, 0.5, 0.035], [3, 0.5, 0.028], [3, 0.5, 0.014], [4, 0.5, 0.019], [3, 0.5, 0.019], [2, 0.5, 0.048], [4, 0.5, 0.047], [2, 0.5, 0.041], [2, 0.5, 0.021], [4, 0.5, 0.013], [5, 0.3, 0.0094], [6, 0.3, 0.008], [6, 0.3, 0.0058], [4, 0.3, 0.0022], [6, 0.3, 0.0088], [5, 0.3, 0.01], [6, 0.3, 0.0024], [4, 0.3, 0.0048], [5, 0.3, 0.0048], [4, 0.6, 0.00425], [5, 0.6, 0.004], [4, 0.6, 0.0055], [3, 0.6, 0.00875], [4, 0.6, 0.00325], [3, 0.6, 0.004], [5, 0.6, 0.00675], [3, 0.6, 0.0045], [5, 0.6, 0.009], [4, 0.6, 0.007], [5, 0.6, 0.00875], [2, 0.5, 0.086], [2, 0.5, 0.074], [3, 0.5, 0.078], [4, 0.5, 0.072], [2, 0.5, 0.098], [3, 0.5, 0.07], [2, 0.5, 0.094], [2, 0.5, 0.05], [2, 0.5, 0.094], [2, 0.5, 0.024], [4, 0.5, 0.038], [2, 0.5, 0.058], [3, 0.5, 0.056], [3, 0.5, 0.096], [2, 0.5, 0.08], [3, 0.5, 0.072], [4, 0.5, 0.024], [0, 0.5, 0.16]]
False:[[3, 0.5, 0.029], [4, 0.5, 0.01], [4, 0.5, 0.045], [2, 0.5, 0.035], [4, 0.5, 0.012], [3, 0.5, 0.05], [2, 0.5, 0.049], [4, 0.5, 0.033], [4, 0.3, 0.008], [6, 0.3, 0.009], [5, 0.3, 0.0094], [4, 0.3, 0.009], [6, 0.3, 0.0084], [4, 0.6, 0.01125], [5, 0.6, 0.00475], [3, 0.6, 0.00925], [4, 0.6, 0.00875], [5, 0.6, 0.00425], [2, 0.5, 0.038], [4, 0.5, 0.078], [3, 0.5, 0.026], [2, 0.5, 0.028], [2, 0.5, 0.08], [4, 0.5, 0.068], [4, 0.5, 0.066], [2, 0.5, 0.026], [0, 0.5, 0.3]]
False:[[2, 0.5, 0.027], [4, 0.5, 0.033], [4, 0.5, 0.043], [2, 0.5, 0.026], [2, 0.5, 0.024], [2, 0.5, 0.025], [4, 0.3, 0.0066], [4, 0.3, 0.0072], [4, 0.3, 0.004], [4, 0.3, 0.002], [3, 0.6, 0.0075], [5, 0.6, 0.00425], [4, 0.6, 0.01025], [5, 0.6, 0.0115], [3, 0.5, 0.04], [3, 0.5, 0.074], [4, 0.5, 0.052], [2, 0.5, 0.1], [3, 0.5, 0.092], [0, 0.5, 0.19]]
False:[[3, 0.5, 0.036], [4, 0.5, 0.011], [3, 0.5, 0.048], [4, 0.5, 0.039], [4, 0.5, 0.038], [4, 0.5, 0.039], [4, 0.5, 0.036], [3, 0.5, 0.013], [3, 0.5, 0.021], [2, 0.5, 0.035], [2, 0.5, 0.021], [3, 0.5, 0.011], [4, 0.5, 0.013], [5, 0.3, 0.0046], [4, 0.3, 0.0056], [6, 0.3, 0.0022], [5, 0.3, 0.003], [5, 0.3, 0.0076], [6, 0.3, 0.0056], [5, 0.3, 0.0088], [6, 0.3, 0.0064], [3, 0.6, 0.00875], [5, 0.6, 0.00875], [5, 0.6, 0.0075], [3, 0.6, 0.00875], [5, 0.6, 0.01], [3, 0.6, 0.0085], [5, 0.6, 0.006], [4, 0.6, 0.0095], [4, 0.6, 0.0035], [4, 0.6, 0.00875], [3, 0.6, 0.009], [2, 0.5, 0.026], [2, 0.5, 0.052], [2, 0.5, 0.094], [4, 0.5, 0.032], [4, 0.5, 0.07], [3, 0.5, 0.09], [3, 0.5, 0.074], [3, 0.5, 0.074], [2, 0.5, 0.058], [3, 0.5, 0.084], [3, 0.5, 0.092], [4, 0.5, 0.048], [3, 0.5, 0.058], [4, 0.5, 0.09], [-1, 0.5, 0.18]]
False:[[4, 0.5, 0.041], [3, 0.5, 0.011], [3, 0.5, 0.023], [2, 0.5, 0.017], [6, 0.3, 0.0074], [6, 0.3, 0.0068], [3, 0.6, 0.00575], [5, 0.6, 0.0055], [3, 0.6, 0.00725], [4, 0.5, 0.036], [3, 0.5, 0.066], [4, 0.5, 0.056], [1, 0.5, 0.29]]
False:[[4, 0.5, 0.034], [3, 0.5, 0.03], [3, 0.5, 0.036], [3, 0.5, 0.042], [4, 0.5, 0.016], [2, 0.5, 0.033], [3, 0.5, 0.02], [3, 0.5, 0.014], [2, 0.5, 0.023], [4, 0.5, 0.022], [3, 0.5, 0.048], [5, 0.3, 0.0034], [6, 0.3, 0.0048], [5, 0.3, 0.0088], [6, 0.3, 0.0072], [4, 0.3, 0.0048], [5, 0.3, 0.0024], [4, 0.3, 0.0094], [4, 0.6, 0.006], [4, 0.6, 0.01], [3, 0.6, 0.006], [4, 0.6, 0.007], [5, 0.6, 0.01125], [3, 0.6, 0.003], [3, 0.6, 0.01025], [4, 0.6, 0.009], [5, 0.6, 0.0045], [3, 0.5, 0.058], [2, 0.5, 0.036], [3, 0.5, 0.092], [4, 0.5, 0.022], [4, 0.5, 0.08], [4, 0.5, 0.066], [3, 0.5, 0.032], [2, 0.5, 0.07], [4, 0.5, 0.086], [2, 0.5, 0.07], [3, 0.5, 0.034], [4, 0.5, 0.028], [0, 0.5, 0.17], [-1, 0.5, 0.27], [0, 0.5, 0.23]]
False:[[4, 0.5, 0.029], [4, 0.5, 0.018], [3, 0.5, 0.035], [4, 0.5, 0.035], [3, 0.5, 0.015], [2, 0.5, 0.025], [5, 0.3, 0.0044], [6, 0.3, 0.0088], [4, 0.3, 0.0064], [5, 0.3, 0.0086], [3, 0.6, 0.0065], [4, 0.6, 0.0075], [3, 0.6, 0.008], [3, 0.6, 0.0035], [3, 0.6, 0.004], [3, 0.6, 0.00475], [3, 0.5, 0.068], [4, 0.5, 0.068], [3, 0.5, 0.04], [3, 0.5, 0.042], [3, 0.5, 0.032], [2, 0.5, 0.062], [1, 0.5, 0.15]]
False:[[4, 0.5, 0.037], [3, 0.5, 0.013], [3, 0.5, 0.01], [3, 0.5, 0.048], [2, 0.5, 0.035], [3, 0.5, 0.036], [4, 0.5, 0.012], [4, 0.5, 0.048], [3, 0.5, 0.047], [6, 0.3, 0.0046], [6, 0.3, 0.0072], [5, 0.3, 0.0098], [4, 0.3, 0.0084], [5, 0.3, 0.0088], [3, 0.6, 0.01175], [3, 0.6, 0.01125], [4, 0.6, 0.01], [4, 0.6, 0.0125], [5, 0.6, 0.0075], [5, 0.6, 0.011], [3, 0.6, 0.0095], [3, 0.5, 0.036], [3, 0.5, 0.09], [2, 0.5, 0.066], [2, 0.5, 0.022], [4, 0.5, 0.09], [2, 0.5, 0.046], [3, 0.5, 0.076], [3, 0.5, 0.076], [3, 0.5, 0.046], [4, 0.5, 0.078], [-1, 0.5, 0.23], [0, 0.5, 0.3]]
False:[[2, 0.5, 0.03], [3, 0.5, 0.046], [2, 0.5, 0.029], [4, 0.5, 0.045], [3, 0.5, 0.042], [3, 0.5, 0.015], [2, 0.5, 0.043], [4, 0.5, 0.01], [4, 0.5, 0.045], [3, 0.5, 0.015], [2, 0.5, 0.049], [4, 0.5, 0.045], [3, 0.5, 0.023], [2, 0.5, 0.04], [4, 0.5, 0.031], [6, 0.3, 0.0096], [6, 0.3, 0.0094], [5, 0.3, 0.0094], [6, 0.3, 0.0058], [4, 0.3, 0.0056], [5, 0.3, 0.0052], [5, 0.3, 0.0094], [5, 0.3, 0.0092], [6, 0.3, 0.0034], [3, 0.6, 0.00925], [3, 0.6, 0.0085], [3, 0.6, 0.0075], [4, 0.6, 0.01075], [5, 0.6, 0.004], [3, 0.6, 0.00525], [4, 0.6, 0.00925], [5, 0.6, 0.0055], [4, 0.6, 0.01025], [5, 0.6, 0.00375], [4, 0.5, 0.086], [4, 0.5, 0.06], [2, 0.5, 0.032], [2, 0.5, 0.032], [4, 0.5, 0.064], [4, 0.5, 0.05], [2, 0.5, 0.034], [2, 0.5, 0.056], [2, 0.5, 0.1], [2, 0.5, 0.026], [2, 0.5, 0.066], [2, 0.5, 0.028], [3, 0.5, 0.034], [4, 0.5, 0.094], [2, 0.5, 0.084], [2, 0.5, 0.05], [2, 0.5, 0.032], [0, 0.5, 0.18]]
True:[[3, 0.5, 0.037], [2, 0.5, 0.046], [2, 0.5, 0.047], [4, 0.5, 0.05], [2, 0.5, 0.038], [3, 0.5, 0.02], [4, 0.5, 0.01], [4, 0.3, 0.0066], [4, 0.3, 0.0062], [5, 0.3, 0.0082], [6, 0.3, 0.0038], [5, 0.6, 0.0095], [4, 0.6, 0.00975], [4, 0.6, 0.01175], [3, 0.5, 0.04], [4, 0.5, 0.026], [2, 0.5, 0.094], [3, 0.5, 0.04], [2, 0.5, 0.05], [2, 0.5, 0.044], [4, 0.5, 0.05], [2, 0.5, 0.052], [0, 0.5, 0.15], [0, 0.5, 0.24], [0, 0.5, 0.2], [0, 0.5, 0.15], [0, 0.5, 0.3], [-1, 0.5, 0.13], [-1, 0.5, 0.23], [-1, 0.5, 0.27]]
True:[[3, 0.5, 0.024], [2, 0.5, 0.024], [3, 0.5, 0.011], [2, 0.5, 0.039], [3, 0.5, 0.03], [2, 0.5, 0.013], [3, 0.5, 0.024], [3, 0.5, 0.037], [5, 0.3, 0.0076], [6, 0.3, 0.0038], [6, 0.3, 0.0022], [5, 0.6, 0.00525], [5, 0.6, 0.0065], [4, 0.6, 0.00725], [3, 0.6, 0.01], [3, 0.6, 0.00575], [2, 0.5, 0.086], [3, 0.5, 0.092], [3, 0.5, 0.082], [2, 0.5, 0.034], [2, 0.5, 0.084], [3, 0.5, 0.088], [4, 0.5, 0.068], [4, 0.5, 0.036], [-1, 0.5, 0.18], [-1, 0.5, 0.22], [-1, 0.5, 0.11]]
False:[[3, 0.5, 0.011], [2, 0.5, 0.011], [4, 0.5, 0.043], [2, 0.5, 0.028], [4, 0.5, 0.017], [3, 0.5, 0.032], [4, 0.3, 0.01], [6, 0.3, 0.003], [5, 0.3, 0.0036], [5, 0.3, 0.0068], [4, 0.6, 0.01], [3, 0.6, 0.00625], [4, 0.6, 0.0105], [5, 0.6, 0.004], [2, 0.5, 0.044], [4, 0.5, 0.06], [4, 0.5, 0.04], [4, 0.5, 0.08], [1, 0.5, 0.16]]
False:[[4, 0.5, 0.033], [3, 0.5, 0.04], [4, 0.5, 0.035], [4, 0.5, 0.049], [3, 0.5, 0.042], [4, 0.5, 0.014], [3, 0.5, 0.01], [4, 0.5, 0.05], [3, 0.5, 0.027], [4, 0.5, 0.016], [6, 0.3, 0.0036], [5, 0.3, 0.0062], [5, 0.3, 0.0038], [4, 0.3, 0.0076], [6, 0.3, 0.0064], [4, 0.3, 0.0024], [4, 0.3, 0.0082], [4, 0.6, 0.01025], [3, 0.6, 0.00625], [4, 0.6, 0.009], [5, 0.6, 0.0075], [4, 0.6, 0.007], [5, 0.6, 0.0065], [4, 0.6, 0.01025], [3, 0.6, 0.00625], [2, 0.5, 0.078], [3, 0.5, 0.072], [2, 0.5, 0.07], [4, 0.5, 0.032], [2, 0.5, 0.1], [4, 0.5, 0.066], [3, 0.5, 0.038], [3, 0.5, 0.044], [2, 0.5, 0.074], [2, 0.5, 0.072], [4, 0.5, 0.1], [3, 0.5, 0.058], [-1, 0.5, 0.16]]
False:[[3, 0.5, 0.032], [3, 0.5, 0.045], [4, 0.5, 0.011], [2, 0.5, 0.041], [2, 0.5, 0.022], [2, 0.5, 0.037], [2, 0.5, 0.021], [3, 0.5, 0.03], [5, 0.3, 0.0088], [4, 0.3, 0.0024], [6, 0.3, 0.0088], [4, 0.3, 0.0098], [5, 0.6, 0.01125], [4, 0.6, 0.00975], [4, 0.6, 0.004], [5, 0.6, 0.004], [3, 0.5, 0.056], [3, 0.5, 0.052], [3, 0.5, 0.06], [4, 0.5, 0.036], [2, 0.5, 0.064], [4, 0.5, 0.032], [2, 0.5, 0.086], [-1, 0.5, 0.24]]
False:[[4, 0.5, 0.038], [2, 0.5, 0.02], [3, 0.5, 0.048], [4, 0.5, 0.033], [2, 0.5, 0.047], [2, 0.5, 0.032], [2, 0.5, 0.038], [4, 0.5, 0.024], [6, 0.3, 0.0046], [4, 0.3, 0.0092], [6, 0.3, 0.0024], [5, 0.3, 0.0098], [3, 0.6, 0.012], [5, 0.6, 0.007], [3, 0.6, 0.005], [4, 0.6, 0.0095], [5, 0.6, 0.00775], [4, 0.5, 0.05], [2, 0.5, 0.086], [2, 0.5, 0.036], [3, 0.5, 0.084], [4, 0.5, 0.044], [2, 0.5, 0.052], [2, 0.5, 0.034], [-1, 0.5, 0.12], [0, 0.5, 0.12]]
True:[[2, 0.5, 0.019], [4, 0.5, 0.049], [4, 0.5, 0.027], [4, 0.5, 0.026], [5, 0.3, 0.005], [4, 0.3, 0.0036], [6, 0.3, 0.0088], [5, 0.6, 0.0105], [3, 0.6, 0.0065], [4, 0.6, 0.00675], [4, 0.5, 0.046], [3, 0.5, 0.052], [2, 0.5, 0.076], [3, 0.5, 0.068], [2, 0.5, 0.068], [4, 0.5, 0.086], [-1, 0.5, 0.24], [0, 0.5, 0.27], [-1, 0.5, 0.23], [-1, 0.5, 0.14]]
False:[[2, 0.5, 0.048], [2, 0.5, 0.017], [2, 0.5, 0.017], [4, 0.5, 0.01], [4, 0.3, 0.0026], [4, 0.3, 0.0092], [5, 0.3, 0.0044], [5, 0.6, 0.009], [5, 0.6, 0.00425], [4, 0.5, 0.084], [4, 0.5, 0.098], [3, 0.5, 0.02], [0, 0.5, 0.2]]
False:[[2, 0.5, 0.02], [2, 0.5, 0.018], [3, 0.5, 0.024], [4, 0.5, 0.035], [4, 0.5, 0.026], [4, 0.5, 0.021], [3, 0.5, 0.019], [4, 0.5, 0.045], [2, 0.5, 0.033], [3, 0.5, 0.016], [2, 0.5, 0.012], [2, 0.5, 0.028], [2, 0.5, 0.046], [2, 0.5, 0.041], [3, 0.5, 0.022], [3, 0.5, 0.022], [5, 0.3, 0.0094], [6, 0.3, 0.0036], [6, 0.3, 0.0052], [6, 0.3, 0.0082], [4, 0.3, 0.0096], [6, 0.3, 0.0088], [6, 0.3, 0.0086], [4, 0.3, 0.0098], [6, 0.3, 0.007], [3, 0.6, 0.01175], [5, 0.6, 0.0035], [4, 0.6, 0.00525], [5, 0.6, 0.00975], [4, 0.6, 0.01], [3, 0.6, 0.0105], [3, 0.6, 0.0025], [3, 0.6, 0.006], [5, 0.6, 0.011], [4, 0.6, 0.00975], [4, 0.6, 0.00375], [2, 0.5, 0.054], [3, 0.5, 0.1], [2, 0.5, 0.068], [4, 0.5, 0.03], [4, 0.5, 0.022], [3, 0.5, 0.07], [2, 0.5, 0.036], [3, 0.5, 0.088], [2, 0.5, 0.056], [4, 0.5, 0.04], [2, 0.5, 0.052], [2, 0.5, 0.04], [2, 0.5, 0.08], [3, 0.5, 0.036], [4, 0.5, 0.054], [2, 0.5, 0.096], [0, 0.5, 0.14]]
False:[[4, 0.5, 0.026], [4, 0.5, 0.033], [2, 0.5, 0.024], [2, 0.5, 0.029], [2, 0.5, 0.011], [4, 0.3, 0.0026], [4, 0.3, 0.0074], [5, 0.3, 0.0022], [3, 0.6, 0.00475], [3, 0.6, 0.0095], [5, 0.6, 0.008], [3, 0.6, 0.01025], [4, 0.5, 0.032], [3, 0.5, 0.096], [3, 0.5, 0.068], [2, 0.5, 0.044], [1, 0.5, 0.29]]
False:[[2, 0.5, 0.029], [2, 0.5, 0.02], [3, 0.5, 0.046], [4, 0.5, 0.034], [4, 0.5, 0.032], [3, 0.5, 0.045], [2, 0.5, 0.034], [4, 0.5, 0.024], [2, 0.5, 0.02], [3, 0.5, 0.034], [4, 0.5, 0.047], [4, 0.5, 0.037], [4, 0.5, 0.037], [6, 0.3, 0.0088], [6, 0.3, 0.0066], [6, 0.3, 0.0038], [5, 0.3, 0.0052], [5, 0.3, 0.0038], [5, 0.3, 0.0048], [5, 0.3, 0.0082], [3, 0.6, 0.003], [5, 0.6, 0.00625], [3, 0.6, 0.00975], [4, 0.6, 0.0085], [3, 0.6, 0.007], [4, 0.6, 0.00375], [4, 0.6, 0.00625], [3, 0.6, 0.01025], [5, 0.6, 0.0075], [5, 0.6, 0.00525], [5, 0.6, 0.004], [2, 0.5, 0.034], [2, 0.5, 0.026], [3, 0.5, 0.032], [4, 0.5, 0.088], [3, 0.5, 0.028], [2, 0.5, 0.082], [2, 0.5, 0.092], [2, 0.5, 0.056], [3, 0.5, 0.076], [4, 0.5, 0.058], [3, 0.5, 0.066], [3, 0.5, 0.084], [2, 0.5, 0.038], [1, 0.5, 0.25]]
False:[[3, 0.5, 0.016], [3, 0.5, 0.035], [2, 0.5, 0.049], [2, 0.5, 0.03], [3, 0.5, 0.046], [4, 0.5, 0.021], [4, 0.5, 0.016], [3, 0.5, 0.018], [2, 0.5, 0.035], [3, 0.5, 0.033], [3, 0.5, 0.047], [4, 0.3, 0.0076], [6, 0.3, 0.003], [6, 0.3, 0.0062], [4, 0.3, 0.0072], [5, 0.3, 0.0062], [4, 0.3, 0.0036], [4, 0.6, 0.003], [5, 0.6, 0.00775], [4, 0.6, 0.0045], [3, 0.6, 0.00875], [3, 0.6, 0.00925], [3, 0.6, 0.004], [3, 0.6, 0.00625], [3, 0.6, 0.0085], [5, 0.6, 0.00925], [3, 0.5, 0.038], [4, 0.5, 0.068], [2, 0.5, 0.068], [2, 0.5, 0.054], [2, 0.5, 0.072], [3, 0.5, 0.1], [4, 0.5, 0.044], [2, 0.5, 0.094], [3, 0.5, 0.02], [1, 0.5, 0.3]]
False:[[4, 0.5, 0.02], [2, 0.5, 0.022], [3, 0.5, 0.026], [2, 0.5, 0.01], [4, 0.5, 0.048], [5, 0.3, 0.0072], [6, 0.3, 0.0032], [3, 0.6, 0.007], [4, 0.6, 0.003], [3, 0.6, 0.00725], [3, 0.6, 0.01125], [4, 0.5, 0.026], [3, 0.5, 0.038], [2, 0.5, 0.054], [4, 0.5, 0.044], [0, 0.5, 0.11]]
False:[[4, 0.5, 0.025], [2, 0.5, 0.044], [4, 0.5, 0.047], [4, 0.5, 0.026], [6, 0.3, 0.0068], [4, 0.3, 0.0098], [6, 0.3, 0.0034], [5, 0.6, 0.01175], [5, 0.6, 0.005], [2, 0.5, 0.028], [3, 0.5, 0.082], [4, 0.5, 0.078], [2, 0.5, 0.1], [2, 0.5, 0.066], [3, 0.5, 0.07], [-1, 0.5, 0.11], [0, 0.5, 0.22]]
False:[[4, 0.5, 0.04], [2, 0.5, 0.017], [4, 0.5, 0.023], [4, 0.5, 0.029], [4, 0.5, 0.025], [3, 0.5, 0.04], [4, 0.5, 0.05], [2, 0.5, 0.05], [6, 0.3, 0.0066], [4, 0.3, 0.0062], [4, 0.3, 0.0094], [5, 0.3, 0.0082], [6, 0.3, 0.0032], [4, 0.3, 0.0024], [3, 0.6, 0.00625], [4, 0.6, 0.00825], [4, 0.6, 0.008], [4, 0.6, 0.0075], [3, 0.6, 0.00625], [4, 0.6, 0.003], [3, 0.6, 0.00875], [4, 0.6, 0.00525], [3, 0.5, 0.09], [2, 0.5, 0.02], [3, 0.5, 0.078], [3, 0.5, 0.092], [3, 0.5, 0.082], [4, 0.5, 0.078], [2, 0.5, 0.064], [3, 0.5, 0.034], [3, 0.5, 0.048], [1, 0.5, 0.17]]
False:[[2, 0.5, 0.016], [2, 0.5, 0.041], [4, 0.5, 0.037], [4, 0.5, 0.048], [4, 0.3, 0.0088], [5, 0.3, 0.004], [3, 0.6, 0.011], [3, 0.6, 0.01175], [5, 0.6, 0.00425], [3, 0.5, 0.09], [3, 0.5, 0.052], [2, 0.5, 0.054], [3, 0.5, 0.042], [0, 0.5, 0.25]]
False:[[2, 0.5, 0.041], [3, 0.5, 0.049], [2, 0.5, 0.037], [3, 0.5, 0.045], [3, 0.5, 0.041], [4, 0.5, 0.031], [2, 0.5, 0.013], [4, 0.5, 0.012], [4, 0.5, 0.023], [4, 0.5, 0.048], [4, 0.5, 0.031], [6, 0.3, 0.0058], [6, 0.3, 0.0072], [5, 0.3, 0.0062], [6, 0.3, 0.0086], [4, 0.3, 0.01], [4, 0.3, 0.0082], [4, 0.6, 0.00475], [3, 0.6, 0.012], [3, 0.6, 0.00425], [3, 0.6, 0.011], [5, 0.6, 0.00875], [5, 0.6, 0.00575], [4, 0.6, 0.00975], [3, 0.6, 0.004], [5, 0.6, 0.01075], [4, 0.5, 0.066], [2, 0.5, 0.048], [4, 0.5, 0.054], [4, 0.5, 0.034], [3, 0.5, 0.066], [4, 0.5, 0.072], [4, 0.5, 0.026], [3, 0.5, 0.078], [3, 0.5, 0.076], [2, 0.5, 0.032], [4, 0.5, 0.02], [-1, 0.5, 0.24], [-1, 0.5, 0.29], [-1, 0.5, 0.12], [-1, 0.5, 0.24]]
False:[[2, 0.5, 0.04], [3, 0.5, 0.039], [3, 0.5, 0.029], [2, 0.5, 0.026], [3, 0.5, 0.01], [3, 0.5, 0.036], [2, 0.5, 0.041], [4, 0.5, 0.021], [6, 0.3, 0.003], [4, 0.3, 0.0096], [6, 0.3, 0.0046], [5, 0.3, 0.0094], [5, 0.6, 0.012], [5, 0.6, 0.01], [5, 0.6, 0.01025], [3, 0.6, 0.01025], [3, 0.6, 0.008], [4, 0.5, 0.06], [2, 0.5, 0.044], [3, 0.5, 0.064], [4, 0.5, 0.056], [2, 0.5, 0.056], [3, 0.5, 0.098], [1, 0.5, 0.22]]
True:[[2, 0.5, 0.038], [2, 0.5, 0.016], [3, 0.5, 0.014], [4, 0.5, 0.034], [3, 0.5, 0.05], [2, 0.5, 0.029], [3, 0.5, 0.041], [2, 0.5, 0.038], [3, 0.5, 0.034], [2, 0.5, 0.041], [3, 0.5, 0.035], [6, 0.3, 0.005], [4, 0.3, 0.002], [4, 0.3, 0.0066], [4, 0.3, 0.004], [5, 0.3, 0.0058], [4, 0.3, 0.0086], [5, 0.6, 0.00875], [4, 0.6, 0.009], [3, 0.6, 0.007], [4, 0.6, 0.008], [4, 0.6, 0.0095], [5, 0.6, 0.0105], [4, 0.6, 0.00275], [2, 0.5, 0.05], [2, 0.5, 0.048], [4, 0.5, 0.088], [4, 0.5, 0.086], [2, 0.5, 0.032], [3, 0.5, 0.082], [2, 0.5, 0.06], [3, 0.5, 0.062], [4, 0.5, 0.048], [4, 0.5, 0.074], [-1, 0.5, 0.27], [0, 0.5, 0.26], [-1, 0.5, 0.29], [0, 0.5, 0.24]]
False:[[3, 0.5, 0.014], [2, 0.5, 0.037], [4, 0.5, 0.049], [2, 0.5, 0.036], [4, 0.5, 0.034], [4, 0.5, 0.013], [4, 0.5, 0.048], [2, 0.5, 0.038], [2, 0.5, 0.013], [3, 0.5, 0.034], [2, 0.5, 0.042], [3, 0.5, 0.034], [2, 0.5, 0.036], [4, 0.5, 0.014], [4, 0.5, 0.027], [5, 0.3, 0.008], [5, 0.3, 0.01], [6, 0.3, 0.0098], [4, 0.3, 0.0028], [5, 0.3, 0.009], [6, 0.3, 0.0034], [6, 0.3, 0.0082], [6, 0.3, 0.002], [4, 0.3, 0.0038], [5, 0.6, 0.00825], [3, 0.6, 0.00425], [4, 0.6, 0.005], [4, 0.6, 0.01225], [5, 0.6, 0.00325], [5, 0.6, 0.00925], [4, 0.6, 0.00525], [5, 0.6, 0.003], [3, 0.6, 0.00275], [4, 0.6, 0.00625], [4, 0.5, 0.02], [4, 0.5, 0.08], [3, 0.5, 0.068], [4, 0.5, 0.058], [3, 0.5, 0.094], [3, 0.5, 0.042], [2, 0.5, 0.072], [2, 0.5, 0.06], [3, 0.5, 0.086], [4, 0.5, 0.028], [2, 0.5, 0.052], [3, 0.5, 0.072], [3, 0.5, 0.076], [2, 0.5, 0.044], [2, 0.5, 0.03], [4, 0.5, 0.046], [-1, 0.5, 0.17], [0, 0.5, 0.18], [0, 0.5, 0.14], [-1, 0.5, 0.14], [-1, 0.5, 0.16]]
False:[[3, 0.5, 0.027], [3, 0.5, 0.038], [3, 0.5, 0.042], [4, 0.5, 0.036], [6, 0.3, 0.0036], [5, 0.3, 0.0096], [6, 0.3, 0.008], [4, 0.6, 0.00425], [4, 0.6, 0.00475], [5, 0.6, 0.0125], [3, 0.5, 0.024], [3, 0.5, 0.052], [3, 0.5, 0.022], [3, 0.5, 0.03], [4, 0.5, 0.042], [-1, 0.5, 0.11], [-1, 0.5, 0.21], [0, 0.5, 0.2], [-1, 0.5, 0.28], [0, 0.5, 0.14]]
False:[[2, 0.5, 0.035], [2, 0.5, 0.026], [3, 0.5, 0.042], [4, 0.5, 0.045], [2, 0.5, 0.02], [4, 0.5, 0.046], [5, 0.3, 0.0094], [5, 0.3, 0.0082], [5, 0.3, 0.0056], [3, 0.6, 0.01], [5, 0.6, 0.01225], [4, 0.6, 0.00525], [4, 0.6, 0.00675], [2, 0.5, 0.052], [3, 0.5, 0.09], [4, 0.5, 0.034], [4, 0.5, 0.064], [1, 0.5, 0.15]]
False:[[2, 0.5, 0.036], [4, 0.5, 0.011], [2, 0.5, 0.035], [2, 0.5, 0.013], [3, 0.5, 0.04], [4, 0.5, 0.05], [4, 0.5, 0.022], [6, 0.3, 0.004], [4, 0.3, 0.004], [5, 0.3, 0.0056], [4, 0.6, 0.011], [5, 0.6, 0.007], [4, 0.6, 0.007], [4, 0.6, 0.00725], [4, 0.6, 0.01025], [3, 0.5, 0.084], [2, 0.5, 0.096], [4, 0.5, 0.046], [3, 0.5, 0.054], [4, 0.5, 0.1], [3, 0.5, 0.066], [0, 0.5, 0.26], [0, 0.5, 0.19], [0, 0.5, 0.14], [-1, 0.5, 0.19], [0, 0.5, 0.21], [0, 0.5, 0.11], [0, 0.5, 0.2], [0, 0.5, 0.22], [0, 0.5, 0.21], [-1, 0.5, 0.27], [-1, 0.5, 0.1]]
False:[[4, 0.5, 0.047], [3, 0.5, 0.037], [3, 0.5, 0.03], [4, 0.5, 0.027], [3, 0.5, 0.011], [3, 0.5, 0.024], [4, 0.5, 0.05], [4, 0.5, 0.026], [3, 0.5, 0.01], [2, 0.5, 0.022], [3, 0.5, 0.015], [2, 0.5, 0.021], [2, 0.5, 0.012], [2, 0.5, 0.025], [4, 0.5, 0.047], [6, 0.3, 0.0076], [6, 0.3, 0.0032], [5, 0.3, 0.0082], [6, 0.3, 0.0074], [6, 0.3, 0.0092], [5, 0.3, 0.0062], [6, 0.3, 0.0054], [5, 0.6, 0.0035], [3, 0.6, 0.0105], [5, 0.6, 0.01175], [4, 0.6, 0.0025], [5, 0.6, 0.0045], [3, 0.6, 0.00725], [5, 0.6, 0.003], [4, 0.6, 0.005], [4, 0.6, 0.01125], [4, 0.6, 0.00575], [4, 0.6, 0.00525], [2, 0.5, 0.058], [3, 0.5, 0.084], [3, 0.5, 0.048], [4, 0.5, 0.038], [3, 0.5, 0.082], [4, 0.5, 0.072], [3, 0.5, 0.034], [4, 0.5, 0.028], [2, 0.5, 0.056], [2, 0.5, 0.048], [2, 0.5, 0.042], [4, 0.5, 0.032], [2, 0.5, 0.07], [2, 0.5, 0.094], [3, 0.5, 0.084], [0, 0.5, 0.22], [0, 0.5, 0.2], [-1, 0.5, 0.22], [0, 0.5, 0.13]]
False:[[4, 0.5, 0.027], [4, 0.5, 0.043], [4, 0.5, 0.035], [4, 0.5, 0.043], [4, 0.5, 0.042], [5, 0.3, 0.007], [5, 0.3, 0.0082], [4, 0.3, 0.0076], [5, 0.3, 0.0044], [4, 0.6, 0.0025], [4, 0.6, 0.01], [4, 0.6, 0.005], [5, 0.6, 0.00825], [3, 0.6, 0.009], [2, 0.5, 0.072], [4, 0.5, 0.082], [3, 0.5, 0.076], [3, 0.5, 0.054], [3, 0.5, 0.056], [4, 0.5, 0.03], [2, 0.5, 0.076], [2, 0.5, 0.062], [0, 0.5, 0.14], [-1, 0.5, 0.11], [0, 0.5, 0.25]]
False:[[4, 0.5, 0.03], [4, 0.5, 0.031], [2, 0.5, 0.036], [4, 0.5, 0.03], [5, 0.3, 0.0022], [5, 0.3, 0.0064], [4, 0.3, 0.0072], [3, 0.6, 0.0085], [5, 0.6, 0.0035], [5, 0.6, 0.01225], [4, 0.6, 0.00425], [3, 0.5, 0.032], [2, 0.5, 0.078], [2, 0.5, 0.022], [4, 0.5, 0.05], [2, 0.5, 0.02], [0, 0.5, 0.12]]
False:[[2, 0.5, 0.022], [4, 0.5, 0.041], [3, 0.5, 0.01], [4, 0.5, 0.04], [3, 0.5, 0.019], [2, 0.5, 0.027], [3, 0.5, 0.038], [2, 0.5, 0.033], [4, 0.5, 0.05], [3, 0.5, 0.022], [4, 0.5, 0.042], [5, 0.3, 0.0078], [4, 0.3, 0.0026], [6, 0.3, 0.0076], [5, 0.3, 0.007], [5, 0.3, 0.0074], [4, 0.3, 0.009], [5, 0.3, 0.0058], [3, 0.6, 0.0125], [4, 0.6, 0.00925], [5, 0.6, 0.0085], [3, 0.6, 0.0065], [4, 0.6, 0.00975], [5, 0.6, 0.003], [3, 0.6, 0.005], [4, 0.6, 0.00325], [5, 0.6, 0.0065], [4, 0.5, 0.082], [2, 0.5, 0.06], [3, 0.5, 0.032], [4, 0.5, 0.034], [4, 0.5, 0.046], [2, 0.5, 0.052], [3, 0.5, 0.062], [2, 0.5, 0.092], [3, 0.5, 0.034], [4, 0.5, 0.086], [0, 0.5, 0.27]]
False:[[2, 0.5, 0.038], [3, 0.5, 0.013], [2, 0.5, 0.02], [3, 0.5, 0.017], [3, 0.5, 0.045], [4, 0.5, 0.015], [6, 0.3, 0.0098], [5, 0.3, 0.003], [5, 0.3, 0.007], [4, 0.6, 0.00475], [3, 0.6, 0.009], [5, 0.6, 0.00575], [4, 0.6, 0.005], [4, 0.5, 0.068], [2, 0.5, 0.062], [4, 0.5, 0.05], [2, 0.5, 0.024], [3, 0.5, 0.044], [1, 0.5, 0.14]]
False:[[3, 0.5, 0.032], [3, 0.5, 0.019], [4, 0.5, 0.043], [2, 0.5, 0.031], [3, 0.5, 0.037], [6, 0.3, 0.0098], [6, 0.3, 0.0082], [3, 0.6, 0.00975], [5, 0.6, 0.007], [5, 0.6, 0.0115], [4, 0.5, 0.066], [2, 0.5, 0.092], [2, 0.5, 0.04], [4, 0.5, 0.04], [2, 0.5, 0.056], [4, 0.5, 0.06], [-1, 0.5, 0.14], [0, 0.5, 0.24], [0, 0.5, 0.11], [0, 0.5, 0.14], [-1, 0.5, 0.12], [0, 0.5, 0.15], [-1, 0.5, 0.29], [-1, 0.5, 0.12]]
False:[[2, 0.5, 0.047], [2, 0.5, 0.032], [4, 0.5, 0.047], [4, 0.5, 0.045], [3, 0.5, 0.043], [3, 0.5, 0.037], [5, 0.3, 0.0068], [5, 0.3, 0.0042], [4, 0.3, 0.002], [5, 0.3, 0.0064], [3, 0.6, 0.01025], [5, 0.6, 0.00675], [3, 0.6, 0.01225], [4, 0.6, 0.00875], [5, 0.6, 0.00475], [2, 0.5, 0.078], [4, 0.5, 0.034], [4, 0.5, 0.026], [2, 0.5, 0.04], [2, 0.5, 0.054], [2, 0.5, 0.044], [2, 0.5, 0.098], [-1, 0.5, 0.11], [0, 0.5, 0.24]]
False:[[3, 0.5, 0.023], [3, 0.5, 0.02], [2, 0.5, 0.043], [4, 0.5, 0.024], [3, 0.5, 0.014], [3, 0.5, 0.033], [2, 0.5, 0.018], [3, 0.5, 0.012], [3, 0.5, 0.023], [4, 0.5, 0.045], [2, 0.5, 0.035], [3, 0.5, 0.029], [4, 0.5, 0.031], [3, 0.5, 0.022], [4, 0.3, 0.0054], [4, 0.3, 0.0094], [4, 0.3, 0.0052], [4, 0.3, 0.002], [4, 0.3, 0.0038], [5, 0.3, 0.0072], [6, 0.3, 0.0088], [6, 0.3, 0.006], [6, 0.3, 0.0086], [5, 0.6, 0.01], [5, 0.6, 0.00375], [3, 0.6, 0.00975], [5, 0.6, 0.01175], [3, 0.6, 0.0125], [5, 0.6, 0.0065], [5, 0.6, 0.01075], [3, 0.6, 0.00875], [5, 0.6, 0.0065], [3, 0.5, 0.042], [4, 0.5, 0.076], [3, 0.5, 0.08], [2, 0.5, 0.068], [4, 0.5, 0.092], [3, 0.5, 0.09], [3, 0.5, 0.062], [4, 0.5, 0.086], [3, 0.5, 0.02], [3, 0.5, 0.07], [4, 0.5, 0.1], [4, 0.5, 0.048], [2, 0.5, 0.098], [4, 0.5, 0.068], [-1, 0.5, 0.25], [-1, 0.5, 0.12], [0, 0.5, 0.17]]
False:[[3, 0.5, 0.015], [4, 0.5, 0.034], [4, 0.5, 0.046], [4, 0.5, 0.048], [4, 0.5, 0.031], [6, 0.3, 0.0028], [5, 0.3, 0.002], [6, 0.3, 0.0026], [3, 0.6, 0.003], [5, 0.6, 0.0085], [5, 0.6, 0.01175], [3, 0.6, 0.005], [4, 0.6, 0.005], [2, 0.5, 0.024], [4, 0.5, 0.072], [4, 0.5, 0.092], [2, 0.5, 0.098], [3, 0.5, 0.046], [1, 0.5, 0.22]]
False:[[3, 0.5, 0.046], [3, 0.5, 0.045], [4, 0.5, 0.035], [3, 0.5, 0.05], [2, 0.5, 0.025], [2, 0.5, 0.02], [2, 0.5, 0.036], [3, 0.5, 0.038], [2, 0.5, 0.014], [4, 0.5, 0.038], [6, 0.3, 0.0048], [5, 0.3, 0.0024], [6, 0.3, 0.0068], [4, 0.3, 0.008], [6, 0.3, 0.007], [3, 0.6, 0.00725], [5, 0.6, 0.00725], [5, 0.6, 0.0035], [4, 0.6, 0.00425], [4, 0.6, 0.01225], [5, 0.6, 0.0125], [2, 0.5, 0.024], [3, 0.5, 0.05], [2, 0.5, 0.03], [4, 0.5, 0.1], [3, 0.5, 0.026], [2, 0.5, 0.084], [2, 0.5, 0.03], [4, 0.5, 0.044], [0, 0.5, 0.28]]
False:[[3, 0.5, 0.033], [2, 0.5, 0.034], [4, 0.5, 0.01], [3, 0.5, 0.021], [3, 0.5, 0.016], [4, 0.5, 0.026], [2, 0.5, 0.026], [2, 0.5, 0.049], [3, 0.5, 0.018], [4, 0.5, 0.027], [4, 0.5, 0.044], [2, 0.5, 0.031], [3, 0.5, 0.019], [3, 0.5, 0.016], [4, 0.3, 0.004], [4, 0.3, 0.0058], [5, 0.3, 0.0082], [5, 0.3, 0.0084], [5, 0.3, 0.0096], [4, 0.3, 0.006], [5, 0.3, 0.0048], [6, 0.3, 0.005], [4, 0.3, 0.0022], [5, 0.6, 0.00875], [5, 0.6, 0.00425], [4, 0.6, 0.009], [4, 0.6, 0.003], [3, 0.6, 0.005], [5, 0.6, 0.00475], [3, 0.6, 0.01225], [4, 0.6, 0.00925], [5, 0.6, 0.0125], [5, 0.6, 0.0105], [3, 0.5, 0.056], [2, 0.5, 0.08], [2, 0.5, 0.04], [2, 0.5, 0.028], [3, 0.5, 0.066], [2, 0.5, 0.068], [3, 0.5, 0.084], [2, 0.5, 0.08], [3, 0.5, 0.094], [4, 0.5, 0.07], [2, 0.5, 0.066], [2, 0.5, 0.048], [3, 0.5, 0.056], [4, 0.5, 0.098], [4, 0.5, 0.07], [-1, 0.5, 0.15], [-1, 0.5, 0.18]]
